-0.008517 0.0181793 0.0627601 0.0189328 -0.0728518 0.0479267 0.0660142 -0.621409 -0.0978488 0.403344 -0.101249 0.0260481 827 831 860 871 821 1000 0.0553961 -0.0294543 0.336168 -0.066494 -0.316702 -0.13628 -0.20288 792 838 818 815 781 1000 
-0.00872729 0.0183036 0.0630133 0.0190079 -0.0720058 0.0480696 0.0660863 -0.621606 -0.0979308 0.403794 -0.101211 0.025953 827 831 860 871 821 1000 0.0552927 -0.0294789 0.335999 -0.0665594 -0.316399 -0.136192 -0.202759 792 838 818 815 781 1000 
-0.00893085 0.0184549 0.0633272 0.0191383 -0.0711137 0.0481714 0.0661952 -0.621724 -0.0980375 0.404312 -0.101235 0.0259579 828 831 860 871 821 1000 0.0551677 -0.0295049 0.335912 -0.0666051 -0.316017 -0.136103 -0.202671 792 838 818 815 781 1000 
-0.00911087 0.0186405 0.0636758 0.0192133 -0.0702336 0.0482026 0.0663238 -0.621789 -0.0981289 0.404872 -0.101289 0.0260767 828 831 861 871 821 1000 0.0550229 -0.0295275 0.335822 -0.0666523 -0.315638 -0.136031 -0.202625 792 838 818 815 781 1000 
-0.00926882 0.0188292 0.064053 0.0191843 -0.0693987 0.0481739 0.0664582 -0.621839 -0.0981669 0.405412 -0.101341 0.0262783 828 831 861 871 821 1000 0.0548796 -0.0295411 0.335686 -0.0667098 -0.315324 -0.135983 -0.202602 792 838 818 815 781 1000 
-0.00940073 0.0190022 0.0643809 0.0191049 -0.0685482 0.0481005 0.0665882 -0.621905 -0.0981225 0.405931 -0.101371 0.0265385 828 831 861 871 821 1000 0.0547546 -0.0295507 0.335463 -0.066774 -0.315096 -0.135954 -0.202581 792 838 818 815 781 1000 
-0.009477 0.0191505 0.0645936 0.0190166 -0.0676775 0.0480204 0.0666741 -0.622049 -0.0979959 0.406401 -0.101351 0.0267717 828 832 861 871 821 1000 0.0546643 -0.0295632 0.335064 -0.0668404 -0.315027 -0.135924 -0.202517 792 838 818 816 781 1000 
-0.00951408 0.0192792 0.0647426 0.01896 -0.0669114 0.0479383 0.0667283 -0.622271 -0.0978456 0.406799 -0.101311 0.0269727 828 832 861 872 820 1000 0.054588 -0.0295927 0.33458 -0.06691 -0.315041 -0.135893 -0.202397 792 838 818 816 781 1000 
-0.00947836 0.0194197 0.0648672 0.0189926 -0.0662167 0.0478465 0.0667893 -0.622531 -0.0977047 0.407146 -0.101289 0.0272501 828 832 861 872 820 1000 0.0545102 -0.0296495 0.334062 -0.0669855 -0.315098 -0.135854 -0.202216 793 838 818 816 781 1000 
-0.00941145 0.0195602 0.0649757 0.0190005 -0.0656612 0.0477606 0.0668231 -0.622826 -0.0976138 0.407453 -0.101289 0.0275335 828 832 861 872 820 1000 0.0544261 -0.0297459 0.333543 -0.0670647 -0.315162 -0.135811 -0.201997 793 838 818 816 781 1000 
-0.00933281 0.0197104 0.0649547 0.0190071 -0.0652311 0.0476833 0.0668516 -0.623126 -0.0975891 0.407751 -0.101324 0.0278021 828 832 861 872 820 1000 0.0543315 -0.0298739 0.33308 -0.067134 -0.315177 -0.135762 -0.201748 793 838 818 816 781 1000 
-0.00923201 0.0199256 0.0647577 0.0188839 -0.0649976 0.0475804 0.0669151 -0.623408 -0.0976711 0.408067 -0.101436 0.028051 829 832 861 872 820 1000 0.0542029 -0.0300593 0.332721 -0.0671751 -0.315093 -0.135703 -0.20146 793 838 818 816 781 1000 
-0.00912396 0.020229 0.0645322 0.0184078 -0.0650319 0.047396 0.0670245 -0.623673 -0.0978062 0.408399 -0.101585 0.0282979 829 832 861 872 820 1000 0.0540312 -0.0302949 0.332439 -0.0671939 -0.314937 -0.135646 -0.20115 793 838 818 816 781 1000 
-0.00903619 0.020587 0.0644375 0.017765 -0.065243 0.0471338 0.0671644 -0.623953 -0.0979456 0.408716 -0.101723 0.0285292 829 832 861 871 820 1000 0.0538408 -0.0305386 0.332179 -0.0672072 -0.314761 -0.135607 -0.200846 793 838 818 816 781 1000 
-0.00895372 0.0210099 0.0645172 0.0166383 -0.0656125 0.0467732 0.0673336 -0.624265 -0.0980835 0.409001 -0.101848 0.0287592 829 832 861 871 820 1000 0.0536629 -0.0308118 0.331927 -0.0672402 -0.314582 -0.135604 -0.200564 793 838 818 816 781 1000 
-0.00888534 0.0214288 0.0646259 0.0153534 -0.0659464 0.0463799 0.067508 -0.624531 -0.098213 0.409331 -0.101961 0.0290055 828 832 861 871 820 1000 0.0535228 -0.0311002 0.331694 -0.0672972 -0.314387 -0.135634 -0.200299 793 838 818 816 782 1000 
-0.0088294 0.0219794 0.0646166 0.0146407 -0.0663202 0.0458768 0.0677165 -0.624663 -0.0983544 0.409791 -0.102088 0.02929 828 832 861 871 820 1000 0.0534287 -0.0314455 0.331512 -0.0674297 -0.314146 -0.13573 -0.200026 793 838 818 816 782 1000 
-0.00876355 0.0225859 0.0644298 0.0140342 -0.0666648 0.0453059 0.0679408 -0.62465 -0.0984828 0.410398 -0.102206 0.0296133 828 832 861 871 820 1000 0.0534064 -0.0318251 0.33139 -0.0676407 -0.313855 -0.135875 -0.199724 793 838 819 817 782 1000 
-0.00867571 0.0231784 0.0641596 0.013308 -0.0669226 0.0447466 0.0681657 -0.62459 -0.098578 0.411039 -0.102301 0.0299469 828 832 861 871 820 1000 0.0534753 -0.0322051 0.331299 -0.0678973 -0.313551 -0.136037 -0.199386 793 838 819 817 782 1000 
-0.00855591 0.0237331 0.0638223 0.0123482 -0.0671068 0.0442382 0.0683875 -0.624559 -0.0986189 0.411672 -0.102351 0.0302432 828 833 861 871 820 1000 0.0536129 -0.0326139 0.331252 -0.0681765 -0.313208 -0.136196 -0.198997 793 838 819 817 781 1000 
-0.00840796 0.0242532 0.0634738 0.0115668 -0.0672849 0.0438011 0.0685909 -0.624608 -0.0986048 0.412235 -0.102353 0.0304631 828 833 861 871 820 1000 0.0537653 -0.0330301 0.331191 -0.0684314 -0.31289 -0.136331 -0.198611 793 838 819 817 781 1000 
-0.0082509 0.0247845 0.0631321 0.010826 -0.0675792 0.043419 0.0687913 -0.624684 -0.0985504 0.41278 -0.10231 0.0305876 828 833 862 871 820 1000 0.053879 -0.0334377 0.331116 -0.0686647 -0.312598 -0.136452 -0.198252 793 838 819 817 781 1000 
-0.00810007 0.0253188 0.0627912 0.0101221 -0.0680339 0.0430678 0.0689953 -0.624766 -0.0984691 0.413328 -0.102232 0.0306348 828 833 862 871 820 1000 0.053931 -0.0338111 0.331043 -0.0688871 -0.312309 -0.136574 -0.197929 793 838 819 817 781 1000 
-0.00793404 0.0258926 0.0622877 0.00979425 -0.0686815 0.0427298 0.0692225 -0.624798 -0.0983991 0.413931 -0.102174 0.0306499 829 833 862 871 820 1000 0.0539009 -0.034168 0.331033 -0.069114 -0.311963 -0.136718 -0.197642 793 838 819 817 782 1000 
-0.00775958 0.0264876 0.0618314 0.00910794 -0.0694317 0.0423996 0.0694786 -0.624853 -0.0983635 0.414511 -0.10217 0.0306545 829 834 862 871 820 1000 0.0538098 -0.0345104 0.331061 -0.0693314 -0.311583 -0.136861 -0.197401 793 838 819 817 782 1000 
-0.00759764 0.0270297 0.0614783 0.00839181 -0.0701128 0.0420956 0.0697313 -0.624987 -0.0983453 0.415013 -0.102198 0.0306605 829 834 862 871 820 1000 0.0536987 -0.0348225 0.331075 -0.0695165 -0.311222 -0.136977 -0.197203 793 838 819 817 782 1000 
-0.00743358 0.027559 0.0611781 0.00788353 -0.0706914 0.0418159 0.069978 -0.625193 -0.0983294 0.415443 -0.102239 0.0306652 829 834 862 871 820 1000 0.053579 -0.0350934 0.331055 -0.0696668 -0.310906 -0.137064 -0.197037 793 838 818 817 782 1000 
-0.00727154 0.0280927 0.0609107 0.00748308 -0.0710278 0.0415478 0.0702123 -0.625478 -0.0982881 0.415797 -0.102252 0.0306365 828 834 862 871 820 1000 0.0534507 -0.0353168 0.33097 -0.0697862 -0.31065 -0.137127 -0.196882 793 838 818 817 782 1000 
-0.00712882 0.0285947 0.0607107 0.00712177 -0.0711873 0.0412796 0.0704168 -0.625787 -0.0982409 0.41613 -0.102244 0.0305751 828 834 862 871 820 1000 0.0533262 -0.0354972 0.330821 -0.0698877 -0.310463 -0.137179 -0.19674 793 838 818 817 782 1000 
-0.00700482 0.0290624 0.0605602 0.00678344 -0.0712149 0.0410086 0.0705903 -0.626066 -0.0982033 0.416498 -0.102223 0.0304871 828 834 862 871 820 1000 0.0532107 -0.0356454 0.330612 -0.0699836 -0.31034 -0.137228 -0.196618 793 838 818 817 782 1000 
-0.0069007 0.0295139 0.0604503 0.00652908 -0.0710454 0.0407233 0.0707497 -0.62631 -0.0981949 0.416901 -0.102216 0.0303997 828 834 862 871 820 1000 0.0531068 -0.0357828 0.330382 -0.0700771 -0.310243 -0.137268 -0.19651 793 838 818 817 782 1000 
-0.00679979 0.0299315 0.0604634 0.00620814 -0.0706606 0.0404333 0.0708922 -0.626569 -0.098232 0.41729 -0.102246 0.0303344 828 834 862 870 820 1000 0.0530247 -0.035924 0.330156 -0.0701722 -0.310148 -0.137293 -0.196406 794 837 818 817 782 1000 
-0.00670515 0.0302777 0.0605532 0.0058037 -0.0701926 0.0401771 0.0710067 -0.626859 -0.0982844 0.417644 -0.102296 0.0303157 828 834 862 870 820 1000 0.0529801 -0.0360623 0.329953 -0.0702669 -0.310037 -0.137302 -0.196297 794 837 818 817 782 1000 
-0.00658435 0.0305061 0.06078 0.00500991 -0.0695173 0.0399896 0.0710547 -0.627133 -0.0983288 0.418 -0.10234 0.0303233 828 834 862 870 820 1000 0.0529755 -0.0362024 0.329787 -0.0703586 -0.309902 -0.137304 -0.196173 794 837 818 817 782 1000 
-0.00642829 0.0306063 0.0610998 0.00399929 -0.0687156 0.0398771 0.0710069 -0.627394 -0.0983511 0.418388 -0.10236 0.0303207 828 834 862 870 820 1000 0.053026 -0.0363678 0.329682 -0.0704528 -0.309708 -0.137305 -0.196021 794 837 818 817 781 1000 
-0.00624381 0.030626 0.0615155 0.0029671 -0.067903 0.0398051 0.0708795 -0.627692 -0.0983631 0.418746 -0.102359 0.0302684 828 834 862 870 820 1000 0.0531249 -0.0365519 0.329616 -0.0705607 -0.309479 -0.137317 -0.195861 793 837 817 817 782 1000 
-0.00604321 0.0305981 0.0618809 0.00193579 -0.0670981 0.0397715 0.0706985 -0.628015 -0.0983848 0.419086 -0.10235 0.0301774 828 834 862 870 820 1000 0.0532393 -0.036749 0.329626 -0.0706788 -0.309178 -0.137339 -0.195699 793 837 817 817 781 1000 
-0.00581785 0.030503 0.0622879 0.00119401 -0.0662611 0.0397849 0.0704546 -0.628347 -0.0984585 0.419426 -0.102348 0.0300402 828 834 862 870 820 1000 0.0533879 -0.036943 0.32962 -0.0707629 -0.308898 -0.137299 -0.195524 794 837 817 817 782 1000 
-0.00561559 0.0303732 0.0626823 0.00047181 -0.0654552 0.039839 0.0702088 -0.628676 -0.0985682 0.419772 -0.102353 0.0298887 828 834 862 870 820 1000 0.0535374 -0.0371201 0.329573 -0.0708174 -0.308665 -0.137202 -0.195331 794 837 817 817 782 1000 
-0.00544859 0.0301699 0.0630315 -0.000232179 -0.0646488 0.0399223 0.0699704 -0.629009 -0.0986978 0.420119 -0.102371 0.0297467 828 834 862 870 820 1000 0.0536935 -0.0372567 0.329505 -0.0708372 -0.308455 -0.13707 -0.195129 793 837 817 817 782 1000 
-0.00534135 0.0298602 0.063384 -0.000949758 -0.0638574 0.0399978 0.0697528 -0.629335 -0.0988357 0.42047 -0.102413 0.0296512 828 834 862 870 820 1000 0.0538781 -0.0373368 0.329476 -0.0708204 -0.308209 -0.13693 -0.194928 793 837 817 817 782 1000 
-0.00530583 0.0295573 0.0637336 -0.00196977 -0.0632182 0.0400171 0.0695907 -0.629601 -0.0989556 0.420875 -0.102465 0.0296379 828 834 862 870 820 1000 0.0540605 -0.0373502 0.329543 -0.0708158 -0.307863 -0.136837 -0.194748 793 837 817 817 782 1000 
-0.00528878 0.0293062 0.064021 -0.00288433 -0.0627797 0.0400092 0.0694657 -0.62983 -0.0990507 0.421314 -0.102508 0.0296686 828 834 862 870 820 1000 0.0542393 -0.0373346 0.329629 -0.0708128 -0.307497 -0.136771 -0.19461 793 837 817 817 782 1000 
-0.00532706 0.0290447 0.06428 -0.00378099 -0.0624585 0.0399029 0.0693828 -0.629974 -0.0991326 0.421826 -0.10258 0.0297976 828 834 862 870 820 1000 0.054404 -0.037285 0.329762 -0.0708124 -0.307079 -0.136726 -0.194517 793 837 817 817 782 1000 
-0.00540243 0.028762 0.0644844 -0.00499776 -0.0623548 0.0396889 0.069339 -0.630053 -0.0992074 0.42239 -0.102681 0.0300339 828 834 862 870 820 1000 0.0545713 -0.0372076 0.32992 -0.0707735 -0.306636 -0.136652 -0.19447 793 836 817 817 782 1000 
-0.00548587 0.0285057 0.0646432 -0.00613996 -0.0623679 0.0394407 0.0693168 -0.630133 -0.0992762 0.422945 -0.10278 0.0303206 828 834 862 870 820 1000 0.0547204 -0.0371112 0.330056 -0.0707063 -0.306214 -0.136536 -0.19446 793 836 817 817 782 1000 
-0.0055833 0.0282471 0.0647495 -0.00704675 -0.0624408 0.0392106 0.0693049 -0.630255 -0.0993333 0.423453 -0.102853 0.0306001 828 834 862 869 820 1000 0.0548478 -0.0370085 0.330172 -0.0706297 -0.305813 -0.136395 -0.194467 793 836 817 817 781 1000 
-0.00571852 0.0279293 0.0647996 -0.00780755 -0.0626086 0.0389974 0.0693029 -0.630459 -0.0993802 0.42388 -0.102883 0.0308157 828 834 862 869 820 1000 0.0549683 -0.0369029 0.330295 -0.0705522 -0.305408 -0.136232 -0.194461 793 836 817 817 781 1000 
-0.0058508 0.0276029 0.0649335 -0.00835987 -0.0628098 0.0387914 0.0692976 -0.630741 -0.0994021 0.424232 -0.102855 0.0309309 828 834 862 869 820 1000 0.0550579 -0.0368252 0.330413 -0.0705019 -0.305011 -0.136087 -0.194455 793 836 817 817 781 1000 
-0.00596839 0.0273105 0.0650863 -0.00872592 -0.063043 0.0385879 0.0692942 -0.631067 -0.0994058 0.424546 -0.102785 0.0309613 828 835 862 870 820 1000 0.055102 -0.0367851 0.33062 -0.0704683 -0.304524 -0.135976 -0.194463 793 836 816 816 782 1000 
-0.00608056 0.0269852 0.065348 -0.0090431 -0.063234 0.0383575 0.0692951 -0.631486 -0.0993781 0.424767 -0.102681 0.0309218 828 835 862 870 820 1000 0.0551394 -0.0367641 0.330819 -0.0704278 -0.304046 -0.135873 -0.194477 793 836 816 816 781 1000 
-0.00619333 0.0266457 0.0656788 -0.00923617 -0.0634557 0.0381134 0.0693134 -0.632049 -0.0992972 0.424842 -0.102541 0.030865 828 836 862 870 820 1000 0.0551724 -0.0367556 0.331079 -0.0703429 -0.303507 -0.135724 -0.194484 792 835 816 816 781 1000 
-0.0063222 0.0262696 0.0659705 -0.00916985 -0.063639 0.0378694 0.0693517 -0.63266 -0.0991957 0.424855 -0.102425 0.0308522 828 836 862 870 820 1000 0.0551928 -0.036729 0.331422 -0.0702178 -0.302889 -0.135514 -0.19444 792 835 816 816 781 1000 
-0.00647976 0.0258896 0.0662793 -0.00928799 -0.0638919 0.0376008 0.0694188 -0.633325 -0.0991027 0.424801 -0.102352 0.0308831 829 836 863 870 820 1000 0.0551911 -0.0366995 0.331866 -0.0700308 -0.30217 -0.135207 -0.194334 792 833 815 816 781 1000 
-0.00664203 0.0255484 0.0666181 -0.0095621 -0.064217 0.0373201 0.0694933 -0.633994 -0.0990382 0.424734 -0.102325 0.0309257 828 837 863 870 820 1000 0.0551581 -0.0366613 0.332419 -0.0697718 -0.301344 -0.134768 -0.19415 792 833 814 816 781 1000 
-0.00676655 0.0252616 0.0669112 -0.00986094 -0.0645709 0.0370381 0.0695287 -0.634631 -0.0989665 0.424713 -0.102223 0.0308155 827 838 864 871 821 1000 0.0550066 -0.0366827 0.333087 -0.0693543 -0.300407 -0.134092 -0.193822 793 832 815 817 781 1000 
-0.00683125 0.0250006 0.0671508 -0.0101854 -0.0648444 0.0367663 0.0695226 -0.635254 -0.0988528 0.424741 -0.101916 0.0303896 827 839 864 871 821 1000 0.0546754 -0.0368155 0.333896 -0.0687138 -0.299337 -0.133114 -0.193315 793 832 815 817 781 1000 
-0.00684178 0.0247004 0.0674032 -0.0106177 -0.06493 0.0365364 0.069499 -0.635952 -0.0987077 0.424738 -0.101355 0.0295459 826 840 865 870 820 1000 0.0542007 -0.03706 0.334857 -0.0678458 -0.298119 -0.131835 -0.19264 793 832 814 817 780 1000 
-0.00682638 0.0243648 0.0676999 -0.0111539 -0.0648571 0.036341 0.0695018 -0.636766 -0.0985513 0.424656 -0.100587 0.028343 826 840 865 870 820 1000 0.0536463 -0.0373707 0.335906 -0.0668601 -0.296812 -0.130367 -0.19183 793 832 814 817 780 1000 
-0.00681159 0.0240647 0.0679572 -0.0116612 -0.0647449 0.0361302 0.0695709 -0.637596 -0.0984171 0.424573 -0.0997517 0.0270003 826 842 866 870 820 1000 0.0530625 -0.0376918 0.336933 -0.0659245 -0.295522 -0.128897 -0.190967 794 832 815 818 780 1000 
-0.0068227 0.0236933 0.0682522 -0.0126524 -0.0644065 0.0358049 0.0697756 -0.638648 -0.0981772 0.424301 -0.0986202 0.0253044 826 843 866 870 819 1000 0.0523715 -0.0381012 0.338369 -0.0648515 -0.293831 -0.127114 -0.189764 795 833 816 821 780 1000 
-0.00685144 0.0233422 0.0685463 -0.0137142 -0.0640781 0.0353015 0.0701464 -0.639835 -0.0978864 0.423911 -0.0973296 0.0233937 826 843 866 870 819 1000 0.0515794 -0.038593 0.340091 -0.0637507 -0.291856 -0.125092 -0.188261 796 834 817 823 780 1000 
-0.00690044 0.0230094 0.0689098 -0.0147331 -0.063817 0.0346369 0.0706816 -0.641047 -0.0975927 0.423497 -0.0960127 0.0214444 826 844 867 870 820 1000 0.0507536 -0.0391115 0.341938 -0.0626843 -0.28976 -0.122828 -0.186462 797 835 818 825 780 1000 
-0.00697407 0.0227239 0.0694977 -0.0158494 -0.0637072 0.0337703 0.071423 -0.642304 -0.0973323 0.423032 -0.0947329 0.0195309 825 844 867 870 820 1000 0.049874 -0.0396192 0.343901 -0.0616086 -0.287566 -0.120083 -0.184183 800 841 823 832 780 1000 
-0.00706584 0.0225739 0.0701905 -0.0173056 -0.0638154 0.0326235 0.0724686 -0.643628 -0.0971908 0.422504 -0.0935071 0.0175831 824 846 868 871 820 1000 0.0487588 -0.0401265 0.346195 -0.0604048 -0.285076 -0.116459 -0.181099 802 843 827 836 780 1000 
-0.00713025 0.022568 0.0707635 -0.0187457 -0.0640704 0.0313045 0.0737654 -0.644956 -0.0972263 0.421982 -0.0923085 0.0155096 825 847 869 871 819 1000 0.0472665 -0.0407704 0.348996 -0.0590178 -0.282124 -0.111903 -0.177163 803 846 830 838 780 1000 
-0.0071454 0.0226114 0.0712318 -0.0204117 -0.0643368 0.0298677 0.0753272 -0.646322 -0.0975272 0.421487 -0.0910177 0.0130262 826 850 871 872 819 1000 0.0451118 -0.0418066 0.352882 -0.0572389 -0.278134 -0.105887 -0.171982 805 847 833 842 781 1000 
-0.00709439 0.022595 0.0717563 -0.0225417 -0.0644438 0.0285114 0.0769677 -0.647703 -0.0980283 0.421005 -0.0896575 0.0102218 827 851 872 873 819 1000 0.042515 -0.0431623 0.357643 -0.0551452 -0.2733 -0.0988357 -0.166032 808 848 835 844 782 1000 
-0.00694722 0.0224382 0.0725644 -0.0254967 -0.0642055 0.0271245 0.078859 -0.649308 -0.0987404 0.420428 -0.0879362 0.00658069 830 853 874 874 818 1000 0.0390268 -0.0451179 0.364275 -0.0522465 -0.266628 -0.0894136 -0.158318 814 852 843 855 783 1000 
-0.00672251 0.0221958 0.0733956 -0.0290033 -0.0636273 0.0254994 0.0811482 -0.651162 -0.0995223 0.419767 -0.0856229 0.00189616 831 854 874 875 817 1000 0.0344106 -0.0478026 0.373054 -0.048521 -0.257825 -0.0773696 -0.148418 815 854 847 861 784 1000 
-0.0064335 0.0219584 0.0739728 -0.0332211 -0.0626185 0.023338 0.0841307 -0.653259 -0.100286 0.419069 -0.0824858 -0.00406496 833 857 875 876 816 1000 0.0283688 -0.051322 0.384248 -0.0440865 -0.246601 -0.0625838 -0.13578 818 855 851 869 785 1000 
-0.00608925 0.0216895 0.0742579 -0.0382139 -0.0609011 0.0205191 0.0880333 -0.655623 -0.101001 0.418339 -0.0784062 -0.0114425 835 859 875 876 815 1000 0.0208123 -0.0556982 0.397891 -0.0391842 -0.2329 -0.0452275 -0.120025 820 854 852 871 785 1000 
-0.00571037 0.0212929 0.0743508 -0.0444496 -0.0578652 0.0168998 0.0932727 -0.658411 -0.101636 0.417454 -0.0731812 -0.0204764 841 863 877 876 816 1000 0.0114794 -0.0611239 0.414154 -0.0341383 -0.216523 -0.02549 -0.100587 823 851 852 870 784 1000 
-0.00532611 0.0207661 0.0741871 -0.0516331 -0.0534873 0.0123119 0.10007 -0.661742 -0.102251 0.416292 -0.0668243 -0.031124 844 864 878 877 816 1000 0.000345808 -0.0676469 0.432566 -0.0295695 -0.197933 -0.00413066 -0.0775667 823 849 851 869 783 1000 
-0.00493601 0.0201441 0.0738949 -0.0597724 -0.0477102 0.00643517 0.108668 -0.665756 -0.10293 0.414696 -0.0594877 -0.0432257 850 868 881 878 816 1000 -0.0126008 -0.0754104 0.452501 -0.0260878 -0.177774 0.0180026 -0.0514275 823 847 850 868 779 1000 
-0.00456616 0.0195861 0.0735129 -0.068028 -0.0415283 -0.000460609 0.118456 -0.670214 -0.103768 0.412866 -0.0515971 -0.0563013 850 868 881 878 816 1000 -0.0265989 -0.0840749 0.472825 -0.0241603 -0.15722 0.0398792 -0.023338 823 847 850 868 779 1000 
-0.00401511 0.0187333 0.0728764 -0.0790519 -0.0328034 -0.00910687 0.130673 -0.675083 -0.104664 0.410767 -0.0433931 -0.0698482 858 872 883 878 816 1000 -0.0424718 -0.0946264 0.49378 -0.0246749 -0.136108 0.0609109 0.00613831 822 843 848 866 775 1000 
-0.0033196 0.0177706 0.0721358 -0.0917268 -0.0226602 -0.0192451 0.145124 -0.680203 -0.105717 0.408534 -0.0351075 -0.0835385 863 877 888 881 818 1000 -0.0597579 -0.10702 0.514958 -0.0283369 -0.114942 0.0804368 0.0362599 819 842 847 865 775 1000 
-0.0024922 0.0167677 0.0713599 -0.105893 -0.0113726 -0.0306567 0.161773 -0.68548 -0.107123 0.406245 -0.0269574 -0.0970533 871 885 894 885 819 1000 -0.0780494 -0.121365 0.535977 -0.0358988 -0.0942312 0.0978848 0.066164 819 847 849 866 774 1000 
-0.00137804 0.015544 0.070382 -0.12345 0.00252022 -0.0437369 0.18191 -0.690891 -0.109397 0.403924 -0.0192527 -0.110166 875 888 896 885 819 1000 -0.0983503 -0.138701 0.556781 -0.049214 -0.0741953 0.112464 0.0951096 821 851 851 868 774 1000 
-0.000292431 0.0145623 0.0692682 -0.143149 0.0174747 -0.0570147 0.202951 -0.696095 -0.112579 0.402015 -0.0120917 -0.122768 886 888 896 885 819 1000 -0.118697 -0.157413 0.5766 -0.0677 -0.0557064 0.123856 0.121956 824 858 863 873 820 1000 
0.00123829 0.0131144 0.0678139 -0.1649 0.0343567 -0.0720245 0.227015 -0.700309 -0.116232 0.400823 -0.0064321 -0.132898 882 892 900 886 821 1000 -0.140682 -0.178735 0.594854 -0.0923156 -0.0391969 0.130819 0.144908 829 870 863 881 773 1000 
0.00308733 0.011734 0.0662847 -0.188589 0.0521774 -0.0890286 0.25441 -0.703429 -0.120162 0.400397 -0.00226814 -0.140381 882 892 901 887 823 1000 -0.16434 -0.203083 0.6123 -0.12407 -0.0242722 0.133495 0.164801 830 876 865 884 773 1000 
0.00524931 0.0104436 0.0646687 -0.214182 0.0709459 -0.107239 0.284294 -0.705663 -0.124143 0.400568 0.000681359 -0.14538 882 893 904 889 825 1000 -0.189028 -0.22976 0.629629 -0.163063 -0.0106818 0.131531 0.182054 830 887 871 891 772 1000 
0.00786377 0.00915462 0.0629403 -0.241824 0.0910587 -0.126526 0.316836 -0.70723 -0.128091 0.401045 0.00246358 -0.147754 883 893 904 889 826 1000 -0.215112 -0.258642 0.646977 -0.20939 0.00144208 0.124504 0.196735 830 894 874 894 772 1000 
0.0109444 0.00797461 0.0611847 -0.271109 0.11226 -0.1468 0.352012 -0.708377 -0.131933 0.401502 0.00308913 -0.147402 884 894 904 890 828 1000 -0.242718 -0.289801 0.664103 -0.262791 0.0115744 0.112426 0.208666 828 904 878 898 771 1000 
0.0144221 0.00695425 0.0595754 -0.301275 0.13399 -0.167692 0.38892 -0.709337 -0.135533 0.401719 0.0027532 -0.144643 885 895 904 891 828 1000 -0.271025 -0.322698 0.680642 -0.32169 0.019166 0.0963809 0.217801 829 909 881 901 771 1000 
0.018274 0.00603354 0.0583459 -0.332291 0.156297 -0.189174 0.427253 -0.710325 -0.138726 0.401476 0.00164575 -0.139698 887 897 907 893 830 1000 -0.29983 -0.356983 0.696439 -0.385037 0.0238349 0.0772467 0.224202 832 922 889 910 769 1000 
0.0220963 0.0053578 0.0575377 -0.365113 0.179665 -0.210507 0.465489 -0.71153 -0.141498 0.400543 -0.000318212 -0.131918 888 898 910 895 795 1000 -0.327983 -0.391334 0.711271 -0.451287 0.0255776 0.0550874 0.227483 833 929 894 915 849 1000 
0.0268779 0.004516 0.0573607 -0.398925 0.203893 -0.232702 0.506186 -0.713036 -0.143886 0.398785 -0.0029433 -0.121871 889 900 914 897 832 1000 -0.357644 -0.427037 0.724931 -0.520443 0.0246121 0.0307597 0.227782 831 935 895 915 764 1000 
0.0316859 0.003904 0.0575078 -0.431534 0.227159 -0.254412 0.546487 -0.714798 -0.146111 0.396524 -0.00565893 -0.111736 889 901 925 899 832 1000 -0.38693 -0.461988 0.737099 -0.587954 0.0216436 0.00719981 0.226246 830 935 901 912 828 1000 
0.0364151 0.00354703 0.0578495 -0.46405 0.250261 -0.275806 0.586373 -0.717082 -0.148338 0.393499 -0.00854992 -0.100856 890 903 917 900 833 1000 -0.415529 -0.496446 0.74792 -0.655871 0.016079 -0.0162838 0.221818 830 936 891 911 764 1000 
0.0419453 0.00398501 0.0565639 -0.495454 0.273278 -0.294283 0.629433 -0.727715 -0.150608 0.385192 -0.0110068 -0.0886373 896 908 936 901 834 1000 -0.445944 -0.530805 0.757734 -0.726398 0.00797722 -0.0398961 0.214432 828 938 900 912 836 1000 
0.0475631 0.00347307 0.0568386 -0.527404 0.296318 -0.314505 0.672811 -0.739473 -0.153807 0.377648 -0.0141502 -0.0750836 899 909 926 905 835 1000 -0.476409 -0.564092 0.765609 -0.795691 -0.00148223 -0.0627498 0.204623 829 940 891 913 763 1000 
0.0534679 0.00300485 0.0589515 -0.560218 0.318717 -0.337782 0.715379 -0.745698 -0.156981 0.374221 -0.0175123 -0.0618974 902 910 928 908 836 1000 -0.506355 -0.596589 0.770872 -0.863244 -0.0121257 -0.0839589 0.192815 833 943 893 915 761 1000 
0.0598237 0.00287867 0.0615081 -0.593132 0.340584 -0.361644 0.757931 -0.74938 -0.159836 0.372113 -0.0209032 -0.0488166 904 912 930 911 837 1000 -0.536341 -0.627491 0.773311 -0.929469 -0.0236374 -0.104185 0.179219 843 951 901 920 758 1000 
0.0666309 0.00299045 0.0641534 -0.625409 0.361775 -0.385408 0.800442 -0.751775 -0.162429 0.370189 -0.024387 -0.0354898 904 914 931 913 837 1000 -0.566272 -0.656331 0.772983 -0.993931 -0.0359331 -0.123323 0.164203 845 953 903 921 757 1000 
0.0727704 0.00333294 0.066529 -0.654663 0.380923 -0.407474 0.839953 -0.753691 -0.164908 0.368056 -0.0276068 -0.0228413 906 917 935 916 837 1000 -0.594839 -0.683931 0.771371 -1.05437 -0.0465211 -0.140079 0.148705 849 956 913 932 755 1000 
0.0804482 0.00331701 0.0693521 -0.686752 0.401571 -0.429688 0.880212 -0.755043 -0.166876 0.365451 -0.030918 -0.00913185 911 921 941 920 837 1000 -0.627183 -0.711561 0.766742 -1.11429 -0.0511371 -0.158027 0.13082 853 959 908 926 754 1000 
0.0891314 0.00378401 0.0722209 -0.716318 0.419714 -0.452589 0.921461 -0.755688 -0.168343 0.362436 -0.0345144 0.00617327 912 923 943 921 837 1000 -0.655514 -0.733201 0.758876 -1.17243 -0.0636872 -0.174959 0.111599 859 963 912 929 752 1000 
0.0967957 0.00435041 0.0748036 -0.742173 0.435499 -0.473767 0.959199 -0.756136 -0.169637 0.359112 -0.037856 0.0210595 913 924 944 922 837 1000 -0.679738 -0.752351 0.75048 -1.22633 -0.0804405 -0.189251 0.0932952 867 966 916 932 751 1000 
0.106427 0.00455714 0.0779997 -0.769351 0.452311 -0.49582 0.998232 -0.7554 -0.169927 0.355954 -0.0412839 0.0379781 925 929 950 928 838 1000 -0.705084 -0.768626 0.739255 -1.28062 -0.101326 -0.205087 0.0748959 895 977 926 942 747 1000 
0.116238 0.00501939 0.0812905 -0.79523 0.468184 -0.518442 1.0369 -0.753079 -0.169274 0.353552 -0.0445407 0.0565433 930 932 953 931 838 1000 -0.730115 -0.783369 0.726221 -1.33398 -0.125629 -0.221527 0.0570719 901 979 929 945 746 1000 
0.125676 0.00562933 0.0845258 -0.819044 0.483188 -0.541028 1.07317 -0.748797 -0.167717 0.352509 -0.0474082 0.0764542 935 935 957 934 800 1000 -0.753574 -0.796886 0.71246 -1.38507 -0.152153 -0.237738 0.0406307 908 981 932 949 782 1000 
0.134605 0.00624997 0.0875961 -0.840932 0.497627 -0.563116 1.10649 -0.742541 -0.165308 0.352954 -0.0499961 0.0981596 937 936 957 936 838 1000 -0.774956 -0.809001 0.698438 -1.43338 -0.179817 -0.253978 0.0258435 911 982 933 952 744 1000 
0.144175 0.00725585 0.0905524 -0.860781 0.510989 -0.584046 1.13934 -0.73727 -0.16173 0.352981 -0.0520666 0.121315 941 937 967 936 838 1000 -0.795766 -0.819392 0.683887 -1.4795 -0.207856 -0.269464 0.0134842 924 987 941 958 772 1000 
0.153362 0.00840044 0.0927494 -0.878128 0.523674 -0.601023 1.17091 -0.740344 -0.15691 0.348665 -0.0527394 0.146786 945 938 959 938 838 1000 -0.815202 -0.828001 0.669563 -1.52271 -0.235807 -0.283949 0.0037004 933 990 944 961 740 1000 
0.161835 0.00897906 0.0954313 -0.893611 0.535029 -0.623441 1.19824 -0.735623 -0.152086 0.351079 -0.0540403 0.171717 953 940 960 939 838 1000 -0.832175 -0.835248 0.655462 -1.56189 -0.26295 -0.295663 -0.00338513 951 995 951 969 738 1000 
0.170401 0.00982552 0.0985303 -0.908566 0.545733 -0.647754 1.22308 -0.727627 -0.146348 0.35593 -0.0557276 0.196283 953 940 960 939 838 1000 -0.847674 -0.840973 0.640942 -1.59821 -0.288904 -0.305498 -0.00801429 951 995 951 969 738 1000 
0.178383 0.0109638 0.101656 -0.922095 0.555129 -0.671499 1.24502 -0.718945 -0.140076 0.360938 -0.0577896 0.21969 960 943 962 942 837 1000 -0.861221 -0.84599 0.626222 -1.63114 -0.313023 -0.313058 -0.0104479 963 998 956 973 736 1000 
0.186239 0.0121746 0.104835 -0.93441 0.563671 -0.694144 1.26489 -0.710427 -0.133403 0.365566 -0.0600262 0.242023 963 943 963 943 836 1000 -0.873221 -0.850095 0.611497 -1.66071 -0.334264 -0.31904 -0.0113513 967 998 957 975 735 1000 
0.193375 0.0134703 0.107747 -0.945308 0.571684 -0.715671 1.28238 -0.70252 -0.126299 0.369369 -0.062417 0.263455 963 943 963 943 836 1000 -0.883416 -0.853782 0.596504 -1.68728 -0.352831 -0.323159 -0.0107458 967 998 957 975 735 1000 
0.199569 0.0148774 0.110912 -0.955082 0.579577 -0.737893 1.2993 -0.695137 -0.118538 0.372318 -0.0652464 0.285325 970 945 964 944 835 1000 -0.892169 -0.856296 0.579938 -1.71167 -0.368538 -0.325762 -0.00892396 976 999 963 979 734 1000 
0.204656 0.0164514 0.114038 -0.963921 0.587403 -0.761643 1.31569 -0.688424 -0.110357 0.374354 -0.0686586 0.307728 971 945 964 945 835 1000 -0.899212 -0.85753 0.561593 -1.73401 -0.381303 -0.326934 -0.00609873 977 999 964 980 733 1000 
0.208764 0.0180659 0.117024 -0.971911 0.595406 -0.787003 1.33095 -0.682489 -0.102015 0.375509 -0.0727947 0.330097 973 945 963 946 835 1000 -0.90418 -0.857415 0.541902 -1.75432 -0.391545 -0.32667 -0.00240596 980 1000 967 982 733 1000 
0.212081 0.0197881 0.120098 -0.978893 0.603236 -0.813607 1.3446 -0.677434 -0.0937185 0.375801 -0.0775565 0.351841 973 944 963 947 836 1000 -0.907016 -0.85624 0.521338 -1.77272 -0.399704 -0.325147 0.00196224 981 1000 967 982 732 1000 
0.21476 0.0214642 0.123069 -0.98515 0.610343 -0.839006 1.35623 -0.673348 -0.0860938 0.375497 -0.0822548 0.371443 973 944 964 948 836 1000 -0.908333 -0.854543 0.50172 -1.78881 -0.406235 -0.323098 0.00633915 982 1000 967 981 732 1000 
0.216923 0.0232652 0.126076 -0.991285 0.617144 -0.8652 1.36621 -0.670267 -0.0786563 0.374291 -0.0870976 0.389705 974 945 966 950 836 1000 -0.907802 -0.851865 0.481519 -1.80361 -0.411531 -0.320402 0.010962 983 1000 968 981 732 1000 
0.21867 0.025162 0.128951 -0.996767 0.62388 -0.891863 1.37463 -0.668223 -0.0714352 0.372208 -0.0918634 0.406237 975 946 968 951 836 1000 -0.905569 -0.84827 0.461038 -1.81732 -0.416117 -0.317451 0.0154948 982 999 967 980 732 1000 
0.220081 0.0270828 0.131525 -1.00164 0.630661 -0.91858 1.38179 -0.667231 -0.0644351 0.369265 -0.0964224 0.420828 977 946 968 952 836 1000 -0.901787 -0.843875 0.440641 -1.83004 -0.420559 -0.314487 0.0197909 982 999 967 979 732 1000 
0.22122 0.0289541 0.133895 -1.00602 0.637449 -0.944803 1.3878 -0.667241 -0.0577941 0.365537 -0.100696 0.433449 978 946 968 952 836 1000 -0.896742 -0.839112 0.420741 -1.84169 -0.425219 -0.311528 0.0238975 983 999 967 979 732 1000 
0.22214 0.0307066 0.136124 -1.01002 0.644471 -0.970283 1.39257 -0.668154 -0.0516596 0.361124 -0.104693 0.444137 980 946 969 954 842 1000 -0.890757 -0.834325 0.401459 -1.85218 -0.430271 -0.308572 0.0277524 984 999 968 979 728 1000 
0.222883 0.0323469 0.138104 -1.01346 0.652055 -0.994084 1.39621 -0.669592 -0.0462689 0.356498 -0.108435 0.452891 980 947 970 954 836 1000 -0.884643 -0.829624 0.383338 -1.86129 -0.435332 -0.305785 0.0310448 984 999 967 979 731 1000 
0.223483 0.0340931 0.139904 -1.01683 0.659163 -1.01696 1.39898 -0.671664 -0.0413782 0.351461 -0.111862 0.459649 981 948 970 955 836 1000 -0.878307 -0.824716 0.365501 -1.86915 -0.439914 -0.302984 0.0342746 985 999 967 978 731 1000 
0.223967 0.0358419 0.141652 -1.02013 0.66613 -1.03881 1.40093 -0.67435 -0.0367388 0.345975 -0.114811 0.464434 983 949 973 957 836 1000 -0.871958 -0.820094 0.347869 -1.87603 -0.443814 -0.300104 0.0378364 985 999 967 978 731 1000 
0.224359 0.037493 0.143338 -1.02324 0.672546 -1.05924 1.40217 -0.677463 -0.0322865 0.340229 -0.117192 0.467528 983 949 973 957 836 1000 -0.865864 -0.815971 0.330926 -1.88207 -0.447088 -0.297166 0.0418318 985 999 967 978 731 1000 
0.224674 0.0390595 0.144894 -1.02592 0.678699 -1.07735 1.40289 -0.680607 -0.0283035 0.334721 -0.119114 0.469445 986 950 974 959 836 1000 -0.860363 -0.812338 0.315626 -1.88722 -0.449933 -0.294431 0.0457176 985 999 968 978 731 1000 
0.22493 0.0405829 0.146422 -1.02827 0.684669 -1.0941 1.40309 -0.684033 -0.0245425 0.329046 -0.120641 0.470126 986 950 973 960 836 1000 -0.855156 -0.809035 0.301124 -1.89174 -0.45265 -0.291731 0.0497601 985 999 968 978 730 1000 
0.225136 0.0420517 0.147926 -1.03016 0.690446 -1.1093 1.40286 -0.687691 -0.0209311 0.32325 -0.121827 0.469873 986 949 973 960 836 1000 -0.850337 -0.806139 0.287657 -1.8957 -0.455494 -0.289112 0.0537414 985 999 968 978 730 1000 
0.225302 0.0435582 0.149516 -1.03159 0.696367 -1.12289 1.40216 -0.691751 -0.0175071 0.317156 -0.122724 0.468657 986 950 974 960 836 1000 -0.845956 -0.803458 0.275246 -1.89916 -0.458743 -0.286736 0.0574276 984 999 967 978 730 1000 
0.225436 0.0448606 0.150974 -1.03255 0.701646 -1.13481 1.40133 -0.695731 -0.0143335 0.311307 -0.123355 0.466986 987 951 975 960 837 1000 -0.842145 -0.801243 0.264302 -1.90214 -0.462052 -0.284612 0.0608409 984 999 967 978 730 1000 
0.225545 0.0462846 0.152308 -1.03319 0.706063 -1.14519 1.40017 -0.699811 -0.0115749 0.305459 -0.123679 0.464544 991 956 979 962 836 1000 -0.838935 -0.799436 0.254514 -1.90472 -0.465502 -0.282755 0.0641525 984 999 968 978 730 1000 
0.225632 0.0477023 0.153533 -1.03334 0.710113 -1.15408 1.39885 -0.703963 -0.00934721 0.299591 -0.123452 0.461201 994 959 981 965 835 1000 -0.836238 -0.798025 0.245647 -1.90676 -0.469043 -0.281025 0.0674151 986 1000 968 977 730 1000 
0.225703 0.0490422 0.154595 -1.03336 0.713551 -1.16152 1.39759 -0.707748 -0.00754825 0.2942 -0.122799 0.457667 994 959 981 966 836 1000 -0.833981 -0.796801 0.237852 -1.90827 -0.472357 -0.279382 0.070483 986 1000 968 978 731 1000 
0.22576 0.0502213 0.15547 -1.03317 0.716534 -1.16781 1.39629 -0.711105 -0.00609551 0.289288 -0.121716 0.454049 995 960 982 966 836 1000 -0.832027 -0.795796 0.230919 -1.9093 -0.475439 -0.277742 0.0734058 986 1000 968 978 731 1000 
0.225806 0.0512469 0.156139 -1.03279 0.719018 -1.17315 1.39492 -0.713918 -0.00492237 0.285029 -0.120494 0.450592 996 960 983 967 836 1000 -0.830347 -0.795034 0.224938 -1.91002 -0.478192 -0.276198 0.0760957 986 1000 969 978 731 1000 
0.225844 0.0521785 0.156525 -1.03189 0.720939 -1.17758 1.39337 -0.716192 -0.00397501 0.2813 -0.118901 0.446877 997 963 985 968 835 1000 -0.828851 -0.794472 0.219763 -1.91044 -0.480759 -0.274607 0.0789129 985 1000 968 978 731 1000 
0.225874 0.0529151 0.156697 -1.03088 0.722377 -1.18104 1.39202 -0.718006 -0.00320998 0.278091 -0.117011 0.443295 998 963 986 968 835 1000 -0.827542 -0.79405 0.215389 -1.91068 -0.483058 -0.273061 0.0817287 985 1000 968 978 731 1000 
0.225898 0.0534565 0.156683 -1.02971 0.723383 -1.18361 1.39089 -0.71948 -0.00259219 0.275235 -0.114694 0.440063 998 964 985 968 836 1000 -0.82637 -0.793752 0.211641 -1.91076 -0.485136 -0.27149 0.0846018 985 1000 969 978 731 1000 
0.225918 0.0539089 0.156552 -1.02825 0.723968 -1.18551 1.38979 -0.720684 -0.00209329 0.272664 -0.112091 0.437396 998 964 985 969 836 1000 -0.825387 -0.793506 0.208405 -1.91067 -0.486986 -0.269861 0.0874283 985 1000 969 978 732 1000 
0.225934 0.0543284 0.156309 -1.02645 0.724094 -1.1868 1.38874 -0.721656 -0.00169042 0.270364 -0.109615 0.435212 998 965 986 972 836 1000 -0.824659 -0.793161 0.205611 -1.91045 -0.48865 -0.268211 0.089966 985 1000 969 978 732 1000 
0.225946 0.0546531 0.155986 -1.02451 0.724062 -1.18761 1.38773 -0.722374 -0.00136508 0.268289 -0.107397 0.433359 998 965 986 972 836 1000 -0.824204 -0.792639 0.203174 -1.91014 -0.490214 -0.266556 0.0922403 985 1000 969 978 732 1000 
0.225957 0.0549025 0.155692 -1.02293 0.724044 -1.18819 1.3869 -0.722853 -0.00110235 0.266465 -0.105508 0.431839 998 965 986 972 836 1000 -0.82392 -0.792126 0.201074 -1.90985 -0.491634 -0.265022 0.0942708 985 1000 969 978 732 1000 
0.225965 0.0549841 0.15532 -1.02101 0.723448 -1.18849 1.3859 -0.723027 -0.000890196 0.264981 -0.103558 0.430377 1000 965 986 972 835 1000 -0.823753 -0.791691 0.199421 -1.90959 -0.493005 -0.26369 0.096022 985 1000 968 977 733 1000 
0.225972 0.0550111 0.154953 -1.019 0.722599 -1.18855 1.38478 -0.722884 -0.000718869 0.263782 -0.101499 0.428943 1000 966 986 972 835 1000 -0.823728 -0.791383 0.198194 -1.90934 -0.494334 -0.262485 0.0976313 984 1000 968 977 733 1000 
0.225977 0.0550449 0.154641 -1.01673 0.721264 -1.18844 1.38363 -0.722498 -0.000580516 0.262837 -0.0994651 0.427592 1000 966 986 972 835 1000 -0.823857 -0.791204 0.197323 -1.90907 -0.495539 -0.261375 0.0991684 983 1000 968 977 733 1000 
0.225982 0.0550459 0.154354 -1.01463 0.720105 -1.18819 1.38232 -0.721858 -0.00046879 0.262179 -0.0975923 0.426405 1000 966 985 972 835 1000 -0.824099 -0.791266 0.196797 -1.90884 -0.496518 -0.260266 0.100655 983 1000 968 977 733 1000 
0.225985 0.0550308 0.154075 -1.01259 0.718839 -1.18781 1.38078 -0.720898 -0.000378567 0.261808 -0.0958968 0.425439 1000 966 985 972 835 1000 -0.824479 -0.791622 0.196564 -1.90868 -0.497225 -0.259128 0.102084 982 1000 967 977 733 1000 
0.225988 0.0550128 0.153783 -1.01047 0.717573 -1.18737 1.37927 -0.719864 -0.000305708 0.26158 -0.0944523 0.424633 1000 966 986 972 835 1000 -0.824901 -0.792148 0.196498 -1.90862 -0.497729 -0.258112 0.103353 982 1000 967 977 733 1000 
0.22599 0.0549975 0.153529 -1.00832 0.71618 -1.18672 1.37768 -0.718774 -0.000246872 0.26137 -0.0932427 0.42375 1000 966 986 972 835 1000 -0.825418 -0.79283 0.196694 -1.90868 -0.498036 -0.257184 0.104549 982 1000 967 977 733 1000 
0.225992 0.0549373 0.153246 -1.0061 0.714581 -1.18575 1.376 -0.717737 -0.00019936 0.261075 -0.0922112 0.422535 1000 967 986 972 835 1000 -0.825987 -0.793652 0.197272 -1.90887 -0.498174 -0.256304 0.105777 981 1000 967 976 734 1000 
0.225994 0.054851 0.152956 -1.004 0.712926 -1.18465 1.37439 -0.716786 -0.000160992 0.260765 -0.0912983 0.421108 1000 968 986 972 838 1000 -0.826535 -0.794446 0.198118 -1.9091 -0.498191 -0.25546 0.107058 981 1000 967 976 736 1000 
0.225995 0.0546897 0.152736 -1.00208 0.711446 -1.18338 1.37289 -0.715782 -0.000130009 0.260469 -0.0905095 0.419492 1000 968 986 972 835 1000 -0.827065 -0.795206 0.199258 -1.90936 -0.498115 -0.254614 0.108395 981 1000 966 976 734 1000 
0.225996 0.0544521 0.152809 -1.00049 0.709862 -1.18198 1.37133 -0.714646 -0.000104989 0.260276 -0.090045 0.417796 1000 967 986 972 835 1000 -0.827503 -0.79617 0.200615 -1.90958 -0.49788 -0.253762 0.109841 981 999 966 976 734 1000 
0.225997 0.0542269 0.15302 -0.998845 0.708288 -1.18055 1.36974 -0.713365 -8.47848e-05 0.260203 -0.0899843 0.41625 1000 967 985 972 835 1000 -0.827893 -0.7972 0.201998 -1.9098 -0.497573 -0.253005 0.111307 982 999 966 976 734 1000 
0.225997 0.0540462 0.15324 -0.997134 0.706642 -1.17911 1.36817 -0.711985 -6.84687e-05 0.260211 -0.090218 0.415021 1000 967 985 972 835 1000 -0.828265 -0.798174 0.203346 -1.90997 -0.497328 -0.252359 0.112691 981 999 966 976 734 1000 
0.225998 0.0538979 0.153366 -0.995705 0.704934 -1.17758 1.36664 -0.710601 -5.52923e-05 0.260209 -0.0904299 0.414146 1000 967 984 972 835 1000 -0.828623 -0.798922 0.204639 -1.91004 -0.497256 -0.251815 0.113922 981 999 966 976 734 1000 
0.225998 0.0537461 0.15339 -0.994497 0.703299 -1.17588 1.36513 -0.709297 -4.46515e-05 0.260115 -0.0904845 0.413468 1000 967 985 971 835 1000 -0.828934 -0.799376 0.205847 -1.90992 -0.497359 -0.251359 0.114972 981 999 966 976 735 1000 
0.225999 0.0535391 0.153283 -0.993308 0.701854 -1.17405 1.36367 -0.708056 -3.60586e-05 0.259949 -0.0903427 0.412908 1000 967 985 971 835 1000 -0.829177 -0.799631 0.206874 -1.90954 -0.497488 -0.250939 0.11581 981 998 965 975 735 1000 
0.225999 0.053297 0.15307 -0.992129 0.700648 -1.17221 1.36238 -0.706827 -2.91187e-05 0.259765 -0.0901399 0.412485 1000 967 984 971 835 1000 -0.829389 -0.79978 0.207718 -1.909 -0.497579 -0.250579 0.116484 981 998 965 975 735 1000 
0.225999 0.0529324 0.152755 -0.990653 0.699597 -1.17043 1.36107 -0.705589 -2.35137e-05 0.259678 -0.0900704 0.412147 1000 965 983 970 835 1000 -0.829488 -0.799923 0.208359 -1.90833 -0.497526 -0.250175 0.116984 980 997 964 974 735 1000 
0.225999 0.0524574 0.152409 -0.989048 0.698655 -1.16856 1.35963 -0.704172 -1.89878e-05 0.259747 -0.0902646 0.411918 999 964 982 969 835 1000 -0.829481 -0.80003 0.208813 -1.90751 -0.497237 -0.24969 0.117328 980 997 963 973 735 1000 
0.225999 0.0519077 0.15205 -0.987312 0.697586 -1.1665 1.35817 -0.702621 -1.53347e-05 0.259934 -0.0906451 0.411777 999 964 982 969 835 1000 -0.82935 -0.800047 0.209188 -1.90662 -0.496871 -0.249227 0.117629 980 997 963 973 735 1000 
0.226 0.0513873 0.151723 -0.985542 0.696309 -1.16435 1.35667 -0.701017 -1.23847e-05 0.26016 -0.0911069 0.411736 998 962 980 968 835 1000 -0.829091 -0.800065 0.209575 -1.90579 -0.49657 -0.24887 0.11792 979 996 963 972 735 1000 
0.226 0.0508398 0.151397 -0.983576 0.694457 -1.16211 1.35493 -0.699394 -1.00023e-05 0.260395 -0.091513 0.411796 998 961 978 967 835 1000 -0.828594 -0.800154 0.210099 -1.90505 -0.496462 -0.24861 0.118215 979 996 963 972 735 1000 
0.226 0.0502304 0.151045 -0.981277 0.692091 -1.15979 1.35288 -0.697715 -8.07836e-06 0.260678 -0.0917715 0.411977 997 961 977 966 835 1000 -0.827848 -0.800251 0.210812 -1.90433 -0.496535 -0.248394 0.118546 978 996 962 971 735 1000 
0.226 0.0495765 0.150722 -0.978865 0.689419 -1.1574 1.35054 -0.695984 -6.52452e-06 0.261007 -0.0918334 0.412222 997 960 976 965 835 1000 -0.826831 -0.800434 0.211728 -1.90359 -0.496671 -0.248171 0.118945 977 996 962 971 735 1000 
0.226 0.0488752 0.150305 -0.975698 0.686159 -1.15481 1.34797 -0.694247 -5.26842e-06 0.261337 -0.0915847 0.412463 995 959 975 964 835 1000 -0.825402 -0.80088 0.212928 -1.90284 -0.496759 -0.247809 0.119521 976 996 961 970 736 1000 
0.226 0.0480468 0.149723 -0.972285 0.683092 -1.15187 1.34519 -0.692526 -4.25431e-06 0.261649 -0.0911079 0.41266 993 958 974 963 836 1000 -0.823618 -0.801451 0.214393 -1.90207 -0.496776 -0.247442 0.120276 976 996 961 970 736 1000 
0.226 0.0470891 0.149069 -0.968035 0.679588 -1.14854 1.3421 -0.690785 -3.43466e-06 0.261978 -0.0906277 0.412911 987 954 969 960 836 1000 -0.821463 -0.802177 0.216292 -1.90104 -0.496634 -0.246935 0.121313 975 996 960 969 736 1000 
0.226 0.0459546 0.148456 -0.962182 0.675215 -1.14463 1.33827 -0.68885 -2.77286e-06 0.262409 -0.0903559 0.413536 978 946 960 953 837 1000 -0.818693 -0.803243 0.218956 -1.89932 -0.496219 -0.24615 0.122797 974 995 958 967 736 1000 
0.226 0.0447752 0.14794 -0.955267 0.670456 -1.14035 1.33406 -0.686872 -2.2385e-06 0.2629 -0.0902458 0.414444 974 943 957 950 837 1000 -0.815462 -0.804622 0.222071 -1.89698 -0.495631 -0.245196 0.124488 974 995 957 967 736 1000 
0.226 0.0435031 0.147446 -0.945949 0.66541 -1.13597 1.32916 -0.684208 -1.8081e-06 0.264091 -0.0903659 0.415503 970 940 953 948 837 1000 -0.811632 -0.806247 0.225739 -1.89374 -0.494811 -0.24388 0.12636 972 995 956 965 721 1000 
0.226 0.0422298 0.14704 -0.93438 0.660349 -1.13212 1.32357 -0.679562 -1.46236e-06 0.267277 -0.0912102 0.41636 969 936 948 944 838 1000 -0.807438 -0.80791 0.229838 -1.88953 -0.493632 -0.242028 0.128352 972 995 955 965 737 1000 
0.226 0.0410375 0.146735 -0.922706 0.655712 -1.12642 1.3177 -0.6766 -1.18196e-06 0.268787 -0.0919629 0.417498 967 933 946 942 838 1000 -0.803088 -0.809493 0.234185 -1.8845 -0.492049 -0.240215 0.130362 970 995 954 963 737 1000 
0.226 0.0396126 0.146516 -0.908419 0.650922 -1.11955 1.31069 -0.673984 -9.56335e-07 0.269871 -0.0926437 0.418892 967 933 946 942 838 1000 -0.797956 -0.811141 0.239335 -1.87768 -0.489577 -0.238026 0.13256 970 995 954 963 737 1000 
0.226 0.0381934 0.146255 -0.893192 0.646044 -1.1125 1.30354 -0.671478 -7.74446e-07 0.270869 -0.093159 0.420155 965 931 945 941 839 1000 -0.792733 -0.812659 0.244656 -1.87017 -0.486638 -0.235811 0.13469 969 996 952 962 738 1000 
0.226 0.0365382 0.145931 -0.874328 0.640295 -1.10421 1.29493 -0.668936 -6.2744e-07 0.271923 -0.0931634 0.420603 965 930 944 941 839 1000 -0.786207 -0.814451 0.250986 -1.86057 -0.482816 -0.23262 0.136946 967 996 951 959 738 1000 
0.226 0.0348398 0.145667 -0.85438 0.634341 -1.09505 1.28533 -0.666362 -5.09295e-07 0.273027 -0.092762 0.420329 964 930 944 940 839 1000 -0.77909 -0.816174 0.257994 -1.8494 -0.478223 -0.229039 0.139203 966 996 950 959 738 1000 
0.226 0.0332136 0.145427 -0.833462 0.628176 -1.08575 1.27579 -0.663735 -4.15146e-07 0.274196 -0.0922659 0.419643 964 930 944 940 839 1000 -0.772075 -0.817652 0.265409 -1.83714 -0.472939 -0.22497 0.141355 964 997 948 957 739 1000 
0.226 0.0314473 0.144921 -0.811402 0.621896 -1.07554 1.26494 -0.660991 -3.41992e-07 0.275495 -0.0914881 0.417751 963 930 945 940 838 1000 -0.764054 -0.81903 0.273655 -1.82306 -0.466928 -0.220575 0.143308 963 997 947 956 739 1000 
0.226 0.0296579 0.144416 -0.790698 0.616187 -1.0654 1.25426 -0.658245 -2.83334e-07 0.276863 -0.0906773 0.415333 962 931 945 941 838 1000 -0.756148 -0.820005 0.281895 -1.80869 -0.460654 -0.2166 0.144888 960 997 946 955 740 1000 
0.226 0.0277274 0.143798 -0.768613 0.610301 -1.05459 1.24305 -0.655341 -2.43755e-07 0.278391 -0.0897022 0.41215 961 930 943 941 848 1000 -0.747484 -0.820692 0.290767 -1.79268 -0.453539 -0.212305 0.145997 959 998 945 954 712 1000 
0.226 0.02553 0.143043 -0.745906 0.60452 -1.04245 1.23064 -0.651938 -2.05685e-07 0.280354 -0.0882977 0.408307 961 930 945 941 839 1000 -0.737886 -0.820925 0.300895 -1.77404 -0.444731 -0.207342 0.146463 956 997 943 952 741 1000 
0.226 0.0234187 0.142252 -0.725071 0.599368 -1.03038 1.21842 -0.648394 -1.79362e-07 0.282528 -0.086901 0.404724 961 930 945 941 839 1000 -0.728545 -0.820835 0.311002 -1.75551 -0.435611 -0.203029 0.146511 956 997 943 952 741 1000 
0.225295 0.0215222 0.141499 -0.705218 0.594792 -1.01853 1.20665 -0.64475 -1.53739e-07 0.284828 -0.0857502 0.401412 959 930 945 941 840 1000 -0.719354 -0.820272 0.32116 -1.73681 -0.425958 -0.199529 0.146093 953 997 940 950 742 1000 
0.223367 0.0197595 0.140853 -0.684042 0.590167 -1.00585 1.19405 -0.640935 -1.39101e-07 0.287229 -0.0847148 0.397771 958 930 946 941 840 1000 -0.708664 -0.819104 0.332398 -1.71557 -0.414557 -0.196277 0.145077 951 996 938 948 743 1000 
0.221111 0.0182108 0.140429 -0.663527 0.585497 -0.993845 1.1822 -0.637505 -1.21304e-07 0.289313 -0.0836287 0.394046 958 930 943 940 843 1000 -0.698154 -0.817746 0.343373 -1.69446 -0.402786 -0.193002 0.143846 949 996 937 947 714 1000 
0.218465 0.0167668 0.140311 -0.64513 0.581309 -0.982349 1.17069 -0.634402 -1.07024e-07 0.291063 -0.082609 0.390347 957 930 947 941 841 1000 -0.687739 -0.81581 0.354254 -1.67313 -0.390121 -0.190511 0.142132 948 997 937 945 745 1000 
0.214752 0.0153591 0.140457 -0.62552 0.576576 -0.970585 1.15848 -0.631678 -1.09145e-07 0.292398 -0.0814972 0.386581 956 930 947 941 842 1000 -0.675497 -0.813562 0.365814 -1.64992 -0.376021 -0.188375 0.139762 947 997 936 944 745 1000 
0.2103 0.0141303 0.14065 -0.605133 0.571242 -0.958711 1.14594 -0.62938 -1.14371e-07 0.293253 -0.0803717 0.382954 955 929 946 941 842 1000 -0.662079 -0.810824 0.377985 -1.62513 -0.360577 -0.186894 0.136592 945 996 934 942 746 1000 
0.205245 0.0130364 0.14082 -0.584286 0.565508 -0.946846 1.13332 -0.627626 -1.07165e-07 0.293609 -0.0792275 0.37953 954 928 945 940 842 1000 -0.647609 -0.807788 0.390351 -1.5996 -0.34475 -0.185378 0.132956 943 996 933 941 747 1000 
0.200195 0.0119185 0.140928 -0.564375 0.55974 -0.935405 1.12094 -0.62606 -9.16849e-08 0.293777 -0.0781573 0.376677 952 927 943 938 841 1000 -0.633164 -0.804139 0.402727 -1.57382 -0.328141 -0.184624 0.128748 941 995 932 940 748 1000 
0.195234 0.010703 0.141021 -0.545462 0.554065 -0.924217 1.10851 -0.624458 -7.89765e-08 0.29396 -0.0771407 0.374484 951 927 944 939 842 1000 -0.618633 -0.799738 0.415249 -1.5474 -0.310281 -0.184544 0.123947 941 995 931 940 749 1000 
0.190247 0.00954363 0.141063 -0.526762 0.548085 -0.913311 1.09637 -0.62275 -6.9594e-08 0.29426 -0.0762366 0.372664 950 927 944 939 843 1000 -0.604298 -0.794891 0.427556 -1.52101 -0.291796 -0.184868 0.118809 941 995 931 940 749 1000 
0.18448 0.00875012 0.141008 -0.506782 0.540269 -0.901922 1.08349 -0.621109 -6.74033e-08 0.294532 -0.0753249 0.370562 949 927 944 940 843 1000 -0.588814 -0.789568 0.439869 -1.49332 -0.272747 -0.184437 0.113495 941 995 931 939 750 1000 
0.179471 0.00790872 0.141093 -0.489789 0.533473 -0.891191 1.07144 -0.619588 -6.18356e-08 0.29474 -0.0746434 0.368657 949 927 944 940 843 1000 -0.57474 -0.783755 0.451219 -1.46689 -0.253997 -0.184704 0.107967 940 995 930 939 751 1000 
0.174266 0.00723866 0.141113 -0.473386 0.525865 -0.880186 1.05932 -0.618344 -6.78997e-08 0.294663 -0.0741774 0.366772 948 927 944 939 843 1000 -0.560663 -0.777209 0.462283 -1.43951 -0.234324 -0.185242 0.101883 939 994 929 938 752 1000 
0.168644 0.00654944 0.141221 -0.4569 0.51695 -0.868245 1.04589 -0.617507 -7.65185e-08 0.294111 -0.0739813 0.364964 948 928 945 939 843 1000 -0.545244 -0.769443 0.473516 -1.40892 -0.212145 -0.185664 0.0947365 939 992 928 935 754 1000 
0.163428 0.00546935 0.141809 -0.44124 0.507996 -0.85922 1.03243 -0.610776 -0.000480857 0.299464 -0.0750673 0.362676 947 928 943 935 843 1000 -0.530315 -0.761312 0.483959 -1.37794 -0.18972 -0.185478 0.0871533 940 992 926 934 727 1000 
0.15817 0.00510156 0.141757 -0.426434 0.498476 -0.8481 1.01924 -0.607173 -0.000474623 0.30175 -0.0760317 0.359985 946 928 947 939 844 1000 -0.515314 -0.752361 0.493561 -1.34707 -0.168617 -0.184947 0.0794452 938 992 927 933 755 1000 
0.152197 0.00478374 0.141251 -0.411174 0.487384 -0.834003 1.00432 -0.60718 -0.000383285 0.300332 -0.0762904 0.356828 945 928 945 938 844 1000 -0.498028 -0.740247 0.503078 -1.31115 -0.147888 -0.18355 0.0704811 935 993 927 933 756 1000 
0.146486 0.00443027 0.140839 -0.397197 0.4766 -0.820535 0.989609 -0.607767 -0.000309535 0.298406 -0.0761312 0.353932 945 927 945 938 844 1000 -0.481376 -0.72749 0.511567 -1.2755 -0.129649 -0.181777 0.061716 933 993 928 933 756 1000 
0.140818 0.00410269 0.140595 -0.384082 0.465137 -0.807291 0.97405 -0.608097 -0.000249967 0.29673 -0.0755849 0.351413 943 928 946 939 846 1000 -0.464733 -0.71362 0.519314 -1.23802 -0.113019 -0.17964 0.0528021 932 992 928 933 757 1000 
0.135006 0.00387073 0.140278 -0.371167 0.452164 -0.793523 0.957181 -0.607584 -0.000201861 0.295843 -0.0745651 0.34911 944 928 947 940 845 1000 -0.447782 -0.698402 0.526627 -1.19762 -0.0968295 -0.177128 0.0436177 934 991 928 932 758 1000 
0.129309 0.00390934 0.139896 -0.35912 0.437515 -0.779601 0.939846 -0.60613 -0.000163013 0.295906 -0.0731282 0.34694 945 928 947 940 845 1000 -0.43101 -0.682267 0.532835 -1.1564 -0.0821915 -0.174093 0.0347651 938 993 928 930 759 1000 
0.124208 0.00394787 0.139543 -0.348079 0.421767 -0.766265 0.923311 -0.603983 -0.000131641 0.296672 -0.0712897 0.344749 945 929 946 940 847 930 -0.415152 -0.665255 0.536975 -1.11549 -0.0723021 -0.170296 0.0270922 939 994 932 932 732 1000 
0.118864 0.00412069 0.139299 -0.339172 0.406703 -0.752885 0.906401 -0.601306 -0.000106307 0.297975 -0.0692425 0.342676 944 928 945 938 844 1000 -0.40063 -0.649006 0.541389 -1.0751 -0.0607871 -0.167038 0.0197057 938 996 934 934 759 1000 
0.113362 0.00429884 0.139134 -0.331544 0.389843 -0.738827 0.888288 -0.597849 -8.58466e-05 0.300066 -0.067268 0.341417 944 928 945 938 844 1000 -0.385268 -0.631568 0.545013 -1.03385 -0.0496396 -0.16401 0.0122902 938 996 934 934 759 1000 
0.108679 0.00430141 0.13895 -0.323673 0.370736 -0.725726 0.871619 -0.594102 -6.93238e-05 0.302451 -0.0658127 0.341195 944 929 946 940 845 1000 -0.370921 -0.61447 0.54739 -0.992973 -0.0401903 -0.16011 0.00568026 937 996 935 934 759 1000 
0.103452 0.00466061 0.138487 -0.317267 0.352571 -0.711124 0.85344 -0.58945 -5.59807e-05 0.305748 -0.0642039 0.340877 944 929 947 941 845 1000 -0.355963 -0.595827 0.548597 -0.952143 -0.0324163 -0.157148 -0.000614895 939 996 936 933 759 1000 
0.0982922 0.0051328 0.137746 -0.311663 0.333629 -0.695592 0.834698 -0.584219 -4.52058e-05 0.309628 -0.0626975 0.340372 945 929 947 941 844 1000 -0.340887 -0.576194 0.548405 -0.910904 -0.0263456 -0.154888 -0.00686128 941 996 936 932 760 1000 
0.0935037 0.00551134 0.137007 -0.307004 0.315788 -0.68029 0.816583 -0.578852 -3.65048e-05 0.313647 -0.0615628 0.339834 945 929 947 941 844 1000 -0.326949 -0.5565 0.546951 -0.87023 -0.021633 -0.153623 -0.0131215 941 996 936 932 760 1000 
0.0889278 0.00588777 0.136262 -0.303105 0.298772 -0.665575 0.799577 -0.573565 -2.94784e-05 0.317591 -0.0609176 0.33935 943 928 945 940 843 1000 -0.314336 -0.537347 0.544544 -0.830682 -0.0178933 -0.15335 -0.0193583 941 996 938 933 761 1000 
0.0841319 0.00632842 0.135404 -0.299658 0.279894 -0.65038 0.78242 -0.568115 -2.38043e-05 0.3217 -0.0606855 0.33893 939 925 943 938 844 1000 -0.301742 -0.517969 0.541173 -0.790853 -0.015122 -0.153039 -0.0258477 940 995 938 934 761 1000 
0.0789952 0.00677335 0.134658 -0.296801 0.260456 -0.633489 0.763277 -0.562286 -1.92239e-05 0.326191 -0.0608312 0.338619 937 925 943 938 844 1000 -0.288061 -0.497696 0.536884 -0.749174 -0.0129986 -0.151959 -0.0330253 941 994 939 934 762 1000 
0.0745028 0.00688827 0.134085 -0.29464 0.243651 -0.616781 0.744512 -0.556533 -1.55258e-05 0.33061 -0.0616231 0.338768 937 925 944 938 844 1000 -0.275736 -0.477848 0.532181 -0.70833 -0.0107833 -0.151865 -0.0406564 942 994 940 934 763 1000 
0.0697742 0.00726563 0.133376 -0.292733 0.22575 -0.599091 0.724796 -0.550954 -1.25391e-05 0.334888 -0.062383 0.338333 939 926 943 937 843 1000 -0.263389 -0.457808 0.526854 -0.667155 -0.00900043 -0.151462 -0.0486173 944 997 945 935 764 1000 
0.0649581 0.00747315 0.132549 -0.290849 0.208176 -0.579885 0.70382 -0.545162 -1.01285e-05 0.33937 -0.0634417 0.337308 938 924 941 936 843 1000 -0.251164 -0.436514 0.520201 -0.62413 -0.008043 -0.15105 -0.0576768 944 999 948 936 765 1000 
0.0603357 0.00750003 0.131734 -0.289388 0.191708 -0.560244 0.682578 -0.539167 -8.1828e-06 0.344059 -0.0650273 0.336211 937 923 940 935 843 1000 -0.2397 -0.41493 0.512558 -0.580732 -0.00774585 -0.151182 -0.0676749 943 999 949 937 765 1000 
0.0562161 0.00746302 0.131122 -0.288247 0.176707 -0.541563 0.662103 -0.533276 -6.60837e-06 0.348695 -0.066806 0.335099 936 923 941 936 843 1000 -0.229205 -0.394504 0.504613 -0.539301 -0.0079182 -0.151867 -0.0779184 940 1000 953 941 767 1000 
0.0525714 0.00748222 0.130842 -0.287375 0.162439 -0.523295 0.6415 -0.527413 -5.33737e-06 0.353294 -0.0684515 0.333368 935 923 941 936 842 1000 -0.219106 -0.37468 0.496071 -0.498269 -0.0085585 -0.153227 -0.0888698 938 1000 955 943 767 1000 
0.0491209 0.00778649 0.13091 -0.287051 0.148441 -0.504375 0.619368 -0.521863 -4.31155e-06 0.357569 -0.0699177 0.33103 934 922 939 935 841 1000 -0.209238 -0.355368 0.487093 -0.457878 -0.00965779 -0.155023 -0.100367 935 1000 960 947 768 1000 
0.0460492 0.00820922 0.131253 -0.287214 0.135109 -0.485274 0.59674 -0.516681 -3.48125e-06 0.36147 -0.0712176 0.328134 933 921 938 934 841 1000 -0.199763 -0.336746 0.477884 -0.418677 -0.0111098 -0.157329 -0.112205 934 1000 963 948 769 1000 
0.0432814 0.0087367 0.131764 -0.287631 0.122445 -0.46631 0.574076 -0.511763 -2.81309e-06 0.365102 -0.0724951 0.32495 930 918 934 931 841 1000 -0.190674 -0.31898 0.468565 -0.381254 -0.0128708 -0.160345 -0.124262 930 1000 966 951 769 1000 
0.040897 0.00918139 0.132401 -0.28843 0.111123 -0.448263 0.552338 -0.507114 -2.27439e-06 0.368462 -0.0740454 0.321983 930 918 934 931 841 1000 -0.18231 -0.302456 0.459381 -0.346403 -0.0147568 -0.164366 -0.136306 930 1000 966 951 769 1000 
0.0385894 0.00971784 0.133172 -0.289733 0.0997355 -0.430102 0.52982 -0.502386 -1.83854e-06 0.371897 -0.0755666 0.318913 928 916 932 929 841 1000 -0.173605 -0.286577 0.449783 -0.313874 -0.017384 -0.169111 -0.148465 927 1000 973 958 770 1000 
0.0365405 0.0101425 0.134076 -0.291116 0.0891513 -0.412141 0.506942 -0.497493 -1.48643e-06 0.375495 -0.077107 0.315808 926 915 931 927 839 1000 -0.164754 -0.271313 0.439634 -0.283987 -0.0208979 -0.174794 -0.160767 921 1000 985 969 771 1000 
0.0346888 0.0104742 0.135098 -0.292337 0.0792577 -0.394155 0.483385 -0.492133 -1.20172e-06 0.379502 -0.0787069 0.312538 925 914 930 926 839 1000 -0.155565 -0.256278 0.428343 -0.256352 -0.0256863 -0.182108 -0.173706 917 1000 989 974 771 1000 
0.0329238 0.0108104 0.136008 -0.293423 0.0701863 -0.376827 0.460162 -0.486424 -9.71239e-07 0.383844 -0.0800881 0.309313 923 913 929 925 838 1000 -0.146408 -0.241957 0.416432 -0.231645 -0.031385 -0.190783 -0.18686 914 1000 991 977 772 1000 
0.0313827 0.0110684 0.136689 -0.294153 0.0624283 -0.361053 0.438837 -0.480795 -7.85008e-07 0.388119 -0.0813445 0.306493 921 912 928 924 838 1000 -0.137854 -0.228944 0.404796 -0.21004 -0.0372009 -0.200251 -0.199525 911 1000 991 978 772 1000 
0.0294575 0.0115842 0.136341 -0.293931 0.0546593 -0.344086 0.416052 -0.47499 -6.33924e-07 0.392581 -0.081456 0.303308 916 911 927 922 837 1000 -0.128163 -0.215669 0.391579 -0.191292 -0.04501 -0.210596 -0.212178 904 1000 994 982 774 1000 
0.0276507 0.0120422 0.135325 -0.293092 0.047796 -0.326973 0.393255 -0.469631 -5.11425e-07 0.396608 -0.0811151 0.300021 914 911 926 921 837 1000 -0.117866 -0.202359 0.37622 -0.175314 -0.0554352 -0.221632 -0.223803 901 1000 999 988 775 1000 
0.0259893 0.0125148 0.134327 -0.292219 0.042057 -0.311045 0.372077 -0.465266 -4.11895e-07 0.399732 -0.0807279 0.296779 914 911 926 921 837 1000 -0.108465 -0.190602 0.363197 -0.16191 -0.0640245 -0.232419 -0.234103 901 1000 999 988 775 1000 
0.0245905 0.0131575 0.132622 -0.290193 0.0367835 -0.294279 0.349924 -0.462344 -3.32647e-07 0.401346 -0.0806799 0.292777 912 910 926 920 836 1000 -0.0988196 -0.179186 0.351269 -0.14987 -0.0716333 -0.24381 -0.243615 895 1000 1000 1000 776 1000 
0.0235646 0.0137122 0.130538 -0.287582 0.0322239 -0.277263 0.327707 -0.460897 -2.69767e-07 0.401464 -0.0812985 0.288257 912 910 926 919 835 1000 -0.0893938 -0.168489 0.340339 -0.139076 -0.0784753 -0.255041 -0.251972 893 1000 1000 1000 776 1000 
0.0229613 0.0142316 0.12828 -0.284476 0.0281452 -0.260263 0.30538 -0.460693 -2.19506e-07 0.400349 -0.0825588 0.283115 912 912 927 919 835 1000 -0.0803338 -0.158868 0.33051 -0.129303 -0.0845017 -0.265397 -0.259054 895 1000 1000 1000 776 1000 
0.0227426 0.0145331 0.126194 -0.281406 0.0247306 -0.243715 0.283627 -0.46144 -1.78936e-07 0.398288 -0.0843792 0.277459 912 912 928 920 834 1000 -0.071768 -0.150414 0.321686 -0.120459 -0.089785 -0.274601 -0.264871 896 1000 1000 1000 769 1000 
0.0227128 0.0147931 0.124261 -0.277854 0.0216421 -0.227845 0.262684 -0.462832 -1.45811e-07 0.395591 -0.0861983 0.271096 911 912 928 920 833 1000 -0.0635791 -0.142594 0.312583 -0.11245 -0.0956586 -0.282264 -0.269024 895 997 1000 1000 775 1000 
0.0223677 0.0153601 0.123049 -0.274778 0.0187137 -0.211651 0.240252 -0.464865 -1.18233e-07 0.392256 -0.0865302 0.262273 915 917 933 921 831 1000 -0.0556034 -0.134776 0.30382 -0.105182 -0.101517 -0.288253 -0.271155 894 995 1000 1000 775 1000 
0.0219324 0.0158254 0.122383 -0.272309 0.0163584 -0.196437 0.218593 -0.467062 -9.57609e-08 0.388764 -0.0854235 0.251917 915 917 933 921 831 1000 -0.0481484 -0.127186 0.296183 -0.0987105 -0.106561 -0.292874 -0.271688 894 995 1000 1000 775 1000 
0.0210921 0.0163344 0.121895 -0.269843 0.0146415 -0.182347 0.198223 -0.468863 -7.72645e-08 0.38567 -0.0826802 0.240565 917 922 937 924 831 1000 -0.0410598 -0.119535 0.2892 -0.0931768 -0.111283 -0.296349 -0.270807 890 991 1000 1000 774 1000 
0.0201928 0.0166925 0.121498 -0.267594 0.0135201 -0.169951 0.180009 -0.470163 -6.23921e-08 0.383082 -0.0789455 0.229107 916 922 937 924 830 1000 -0.0346037 -0.112413 0.282815 -0.0886466 -0.115686 -0.298977 -0.268873 887 988 1000 1000 774 1000 
0.0191754 0.0170285 0.121149 -0.265377 0.0129473 -0.15908 0.163725 -0.471033 -5.0303e-08 0.38101 -0.0749039 0.218411 915 920 935 924 830 1000 -0.0288142 -0.105996 0.277284 -0.084953 -0.119526 -0.3009 -0.266294 884 985 1000 1000 774 1000 
0.0181911 0.0172628 0.120899 -0.263319 0.0128363 -0.149445 0.148848 -0.471529 -4.06584e-08 0.379298 -0.0706352 0.208226 911 915 931 921 830 1000 -0.0235075 -0.100268 0.272458 -0.0819803 -0.122836 -0.302239 -0.262848 879 978 989 1000 773 1000 
0.017183 0.0174464 0.120845 -0.261282 0.0132781 -0.140154 0.133813 -0.471945 -3.30256e-08 0.377575 -0.066581 0.19843 907 913 929 919 830 1000 -0.0183651 -0.0950549 0.268488 -0.0793727 -0.125384 -0.302876 -0.258274 875 971 979 1000 772 1000 
0.0162185 0.0176021 0.120873 -0.259245 0.013887 -0.131152 0.118834 -0.472592 -2.72317e-08 0.375629 -0.0634857 0.189613 907 914 930 918 830 1000 -0.0137213 -0.0904741 0.26553 -0.0767445 -0.127044 -0.302711 -0.253227 874 967 974 1000 772 1000 
0.0154644 0.0176455 0.120908 -0.257498 0.0144653 -0.122999 0.105409 -0.473372 -2.25414e-08 0.373587 -0.0613755 0.182196 907 914 930 918 830 1000 -0.00984452 -0.0867149 0.26327 -0.0743018 -0.128108 -0.302094 -0.248243 874 967 974 1000 772 1000 
0.0145893 0.0177195 0.120989 -0.255591 0.014813 -0.115052 0.0923426 -0.474693 -1.96435e-08 0.370999 -0.0604314 0.175779 909 915 931 917 829 1000 -0.00643819 -0.0831455 0.261632 -0.0715448 -0.128656 -0.300285 -0.242636 875 959 963 994 771 1000 
0.0135766 0.0178015 0.120881 -0.253146 0.0148833 -0.106956 0.0793041 -0.476563 -1.83395e-08 0.367839 -0.0607529 0.170075 909 915 930 916 829 1000 -0.00350399 -0.0794088 0.260412 -0.0683627 -0.128924 -0.296816 -0.235679 875 957 959 989 770 1000 
0.0126159 0.0178374 0.120657 -0.250876 0.0148253 -0.0992372 0.0674518 -0.478417 -1.75924e-08 0.364702 -0.0619775 0.165139 909 915 930 916 829 1000 -0.00125576 -0.0759143 0.259216 -0.0653047 -0.129296 -0.292405 -0.227926 875 957 959 989 770 1000 
0.0116411 0.0178859 0.120248 -0.248766 0.0145651 -0.0919453 0.056764 -0.479825 -1.82277e-08 0.362016 -0.0637355 0.160678 909 914 930 915 828 1000 0.000430427 -0.0726608 0.257779 -0.0624751 -0.130016 -0.287339 -0.219682 872 952 948 975 770 1000 
0.0104357 0.017941 0.11964 -0.24644 0.0138962 -0.0844255 0.0461936 -0.480171 -2.1989e-08 0.360397 -0.0656797 0.155818 909 914 930 915 828 1000 0.00180601 -0.0690512 0.255584 -0.0594716 -0.131631 -0.281115 -0.210602 871 948 944 970 770 1000 
0.00919201 0.0179295 0.119055 -0.244351 0.0130432 -0.0771592 0.0364836 -0.479504 -2.34046e-08 0.359794 -0.0674415 0.150702 908 914 930 915 827 1000 0.00272063 -0.0655653 0.252645 -0.0566322 -0.134088 -0.27429 -0.201257 870 941 934 960 770 1000 
0.00799842 0.0178856 0.118534 -0.242667 0.0121226 -0.0705793 0.0280851 -0.478157 -2.36602e-08 0.359876 -0.0688414 0.145573 908 914 930 915 827 1000 0.00322525 -0.0624548 0.249229 -0.0541685 -0.137086 -0.267356 -0.192085 870 941 934 960 770 1000 
0.00691113 0.0178577 0.118034 -0.241293 0.0112216 -0.0650158 0.021252 -0.476598 -2.34596e-08 0.360173 -0.069932 0.140718 904 911 927 913 827 1000 0.00340426 -0.0598621 0.245788 -0.052195 -0.140144 -0.26072 -0.183372 868 932 923 950 771 1000 
0.00537159 0.0179538 0.117127 -0.239939 0.00962461 -0.0599572 0.015739 -0.475205 -2.19247e-08 0.360307 -0.0701094 0.135537 902 910 926 912 827 1000 0.00374604 -0.0567729 0.242477 -0.0500042 -0.143149 -0.253361 -0.174185 867 932 922 948 771 1000 
0.00400223 0.0179845 0.116221 -0.238673 0.00831649 -0.0557453 0.0115677 -0.47414 -2.18538e-08 0.360116 -0.0698779 0.130365 902 910 926 912 827 1000 0.00381205 -0.0539943 0.239459 -0.0481312 -0.145899 -0.246004 -0.16504 867 932 922 948 771 1000 
0.00288127 0.0180029 0.115491 -0.237678 0.00718475 -0.0523665 0.0084116 -0.473232 -2.22846e-08 0.359772 -0.0695223 0.12555 901 910 926 912 827 1000 0.00366631 -0.0518134 0.236764 -0.0466988 -0.148338 -0.239051 -0.156406 867 931 920 947 770 1000 
0.00179629 0.0180133 0.114652 -0.2368 0.00604796 -0.0495592 0.00608128 -0.473191 -2.26205e-08 0.358561 -0.0691484 0.120705 900 907 922 909 826 1000 0.00364803 -0.0497363 0.234567 -0.0451311 -0.150314 -0.231898 -0.147746 867 929 916 941 769 1000 
0.000817029 0.0179568 0.113767 -0.235975 0.00516077 -0.0471315 0.00451912 -0.474013 -2.21723e-08 0.356492 -0.0687387 0.115818 900 906 922 908 826 1000 0.00362965 -0.0478907 0.232717 -0.0434209 -0.151967 -0.224621 -0.139227 867 928 913 938 769 1000 
-2.09398e-05 0.0178841 0.112983 -0.234503 0.00462532 -0.045056 0.00360893 -0.475384 -2.11748e-08 0.353875 -0.0681672 0.111208 899 906 922 909 826 1000 0.00355364 -0.046416 0.231042 -0.0416479 -0.15345 -0.2173 -0.131222 866 925 910 934 770 1000 
-0.000767143 0.0177789 0.112237 -0.232975 0.00434379 -0.0433417 0.00338371 -0.476955 -2.10603e-08 0.35106 -0.0675438 0.106989 898 905 922 908 826 1000 0.00330101 -0.0451994 0.229505 -0.0400369 -0.154785 -0.210345 -0.124008 866 924 908 932 770 1000 
-0.00139797 0.0176673 0.111506 -0.231341 0.00433085 -0.0419548 0.00360147 -0.478576 -2.33168e-08 0.348197 -0.0670877 0.103152 898 903 920 906 826 1000 0.00296421 -0.0442172 0.228132 -0.0384847 -0.155935 -0.203744 -0.117692 865 921 906 929 771 1000 
-0.00194138 0.0175288 0.110799 -0.229525 0.00455675 -0.0407673 0.00398621 -0.480006 -3.5204e-08 0.345528 -0.0669789 0.0996122 898 902 919 905 826 1000 0.00254558 -0.0434065 0.227028 -0.0369184 -0.156794 -0.197439 -0.112193 864 920 905 928 771 1000 
-0.00243609 0.017354 0.110175 -0.227405 0.00494339 -0.0396341 0.00437795 -0.480991 -5.88238e-08 0.343305 -0.0671397 0.0962211 897 900 917 904 826 1000 0.00206129 -0.0427681 0.226333 -0.0354125 -0.157223 -0.1915 -0.107442 864 918 903 926 770 1000 
-0.00291828 0.017172 0.10953 -0.224976 0.00546104 -0.0385147 0.00478437 -0.481386 -7.2831e-08 0.341675 -0.0673518 0.0928586 895 899 915 904 826 1000 0.00157591 -0.0422789 0.225944 -0.0340567 -0.157325 -0.185993 -0.1034 864 917 902 925 770 1000 
-0.00342459 0.0170378 0.108992 -0.222243 0.00608407 -0.0374679 0.00525065 -0.481239 -7.96681e-08 0.340588 -0.0674301 0.0894385 890 896 911 901 826 1000 0.001108 -0.0418587 0.225648 -0.0329022 -0.157315 -0.180937 -0.100018 863 915 900 921 771 1000 
-0.00394496 0.0169688 0.108611 -0.219191 0.00680286 -0.0365477 0.00579239 -0.480794 -9.27928e-08 0.339802 -0.0673106 0.085907 889 895 910 900 826 1000 0.00065493 -0.0414473 0.22518 -0.0319217 -0.157465 -0.176277 -0.0972258 862 914 899 919 771 1000 
-0.00443468 0.0169381 0.108283 -0.216114 0.00758873 -0.035807 0.00634649 -0.480282 -1.09756e-07 0.339084 -0.0670343 0.0823017 888 893 908 897 825 1000 0.000233415 -0.0410394 0.224405 -0.0311362 -0.157912 -0.171998 -0.0949379 861 912 896 916 770 1000 
-0.0048797 0.0169367 0.107991 -0.213239 0.00841294 -0.0352237 0.00683814 -0.479829 -1.06657e-07 0.338309 -0.0666423 0.0786873 887 893 907 896 825 1000 -0.000120145 -0.0406734 0.223354 -0.0305407 -0.158629 -0.16806 -0.0930992 860 911 895 914 771 1000 
-0.00526907 0.0169445 0.107739 -0.210117 0.00925665 -0.0347717 0.00729617 -0.47947 -1.02307e-07 0.337442 -0.0662392 0.0752023 886 890 903 894 825 1000 -0.000434491 -0.0403657 0.222109 -0.0301056 -0.159535 -0.164412 -0.0916426 860 909 893 912 771 1000 
-0.0056709 0.0169769 0.10754 -0.206592 0.010114 -0.0342341 0.00779068 -0.479223 -9.0017e-08 0.336465 -0.0657929 0.0718252 885 888 901 893 825 1000 -0.00087185 -0.0401211 0.220837 -0.0297428 -0.160464 -0.160969 -0.0904371 859 909 893 911 770 1000 
-0.00602124 0.0170281 0.107374 -0.202934 0.0109705 -0.0335752 0.00835683 -0.479019 -8.20522e-08 0.335447 -0.0654086 0.0686118 886 887 899 892 825 1000 -0.00150383 -0.0399598 0.219692 -0.0293612 -0.161266 -0.157724 -0.0893628 859 908 892 910 770 1000 
-0.00629863 0.0171202 0.10721 -0.199222 0.0118022 -0.0327399 0.00891666 -0.478723 -9.26925e-08 0.334523 -0.0652007 0.0655938 886 886 898 892 824 1000 -0.00222625 -0.0398893 0.21872 -0.0288955 -0.161892 -0.154665 -0.0883415 859 908 892 910 770 1000 
-0.00651126 0.0172059 0.107015 -0.195608 0.0125721 -0.0318496 0.00942525 -0.478209 -1.06843e-07 0.333818 -0.0652017 0.0628242 886 886 898 892 824 1000 -0.00291651 -0.0398778 0.217874 -0.0283979 -0.162389 -0.151841 -0.0873742 859 907 891 907 763 1000 
-0.00666717 0.0173309 0.106699 -0.191204 0.0133372 -0.030896 0.00980324 -0.477264 -9.68622e-08 0.333547 -0.0654115 0.0602472 886 886 898 891 824 1000 -0.00341936 -0.0398648 0.216969 -0.0278675 -0.162942 -0.149138 -0.0864663 859 907 891 907 770 1000 
-0.0067971 0.0175441 0.105995 -0.186104 0.0138859 -0.0297879 0.0100711 -0.4762 -9.70275e-08 0.333396 -0.0658591 0.0578223 886 886 897 890 823 1000 -0.00379969 -0.0398347 0.216067 -0.0274422 -0.163488 -0.146627 -0.0856139 859 905 888 902 770 1000 
-0.00695374 0.0178105 0.105207 -0.180442 0.0142642 -0.0285994 0.0103404 -0.475006 -9.8246e-08 0.333377 -0.0664223 0.0554011 886 886 897 890 823 1000 -0.00417083 -0.0397701 0.214993 -0.0270917 -0.164202 -0.1442 -0.0848181 859 905 888 902 770 1000 
-0.00711127 0.018083 0.104532 -0.175258 0.0144896 -0.0274611 0.0106578 -0.473807 -9.31506e-08 0.333365 -0.0669414 0.0529591 886 886 897 889 823 1000 -0.00457993 -0.039703 0.213794 -0.0268443 -0.16504 -0.141936 -0.0840996 858 903 886 899 770 1000 
-0.0072955 0.0183649 0.104001 -0.170304 0.014534 -0.0263321 0.0110465 -0.472689 -9.28753e-08 0.333274 -0.0672094 0.050381 886 886 896 889 822 1000 -0.00499402 -0.0396033 0.212433 -0.0266875 -0.16604 -0.139876 -0.083463 858 903 885 899 770 1000 
-0.00753252 0.018625 0.103631 -0.165629 0.0144511 -0.0252376 0.0115491 -0.471693 -9.34091e-08 0.333062 -0.0671112 0.0476639 885 885 896 889 822 1000 -0.00537639 -0.0394368 0.210972 -0.0266134 -0.16714 -0.138111 -0.0828784 857 902 885 898 770 1000 
-0.00783121 0.0188562 0.103495 -0.161208 0.0143165 -0.0242399 0.0121944 -0.470842 -8.48449e-08 0.332708 -0.0666939 0.0449458 885 885 895 888 822 1000 -0.00573971 -0.039211 0.209508 -0.0265645 -0.168244 -0.13666 -0.0823491 856 901 884 897 770 1000 
-0.00819053 0.0190726 0.103578 -0.157241 0.0141631 -0.0233851 0.0130108 -0.470158 -7.69039e-08 0.332188 -0.0660894 0.0423803 884 884 895 888 822 1000 -0.00609347 -0.03895 0.208131 -0.0264833 -0.16926 -0.135505 -0.0819662 854 900 881 894 769 1000 
-0.00854981 0.0192607 0.103823 -0.154266 0.0140324 -0.0227183 0.0139343 -0.469634 -7.25252e-08 0.33151 -0.0654462 0.0400485 884 884 895 888 822 1000 -0.00639795 -0.0386652 0.206886 -0.0263436 -0.170141 -0.134571 -0.081733 854 900 881 894 769 1000 
-0.00888624 0.0194142 0.10414 -0.151718 0.0139785 -0.0222237 0.014913 -0.469269 -7.36839e-08 0.330675 -0.0649135 0.0379936 884 883 894 889 822 1000 -0.00661538 -0.0383677 0.205787 -0.0261051 -0.170871 -0.133778 -0.0816152 854 899 879 892 769 1000 
-0.00920192 0.0195142 0.104431 -0.149618 0.0140211 -0.0218622 0.0158961 -0.469045 -7.67189e-08 0.329753 -0.0645883 0.0362491 884 882 893 888 822 1000 -0.00675676 -0.0380689 0.204836 -0.0257521 -0.171466 -0.133076 -0.0815746 853 898 878 890 769 1000 
-0.00958061 0.0195097 0.104575 -0.147785 0.0142675 -0.0215563 0.0169756 -0.468928 -6.51859e-08 0.32869 -0.0647153 0.0347125 884 882 893 888 822 1000 -0.00687232 -0.0377226 0.203954 -0.0251146 -0.171973 -0.132375 -0.0816078 853 897 878 890 769 1000 
-0.00997265 0.0194395 0.104529 -0.146248 0.0145848 -0.0212477 0.0179792 -0.46882 -5.59858e-08 0.327666 -0.0650682 0.0333251 884 881 892 888 821 1000 -0.00700956 -0.0373858 0.20316 -0.0244197 -0.172402 -0.131736 -0.081612 854 897 878 890 769 1000 
-0.010419 0.0193249 0.104387 -0.145266 0.0149633 -0.0209541 0.0189254 -0.468695 -5.72248e-08 0.326649 -0.065674 0.0319 884 881 891 888 821 1000 -0.0071961 -0.0370677 0.202425 -0.0237485 -0.172764 -0.131153 -0.0815046 854 897 878 890 768 1000 
-0.0109038 0.019186 0.104279 -0.14466 0.0154394 -0.0206213 0.0198428 -0.468634 -6.9633e-08 0.325506 -0.0665706 0.0302036 884 881 891 888 821 1000 -0.00741645 -0.0367631 0.201737 -0.0232143 -0.173053 -0.130602 -0.0812355 853 897 877 890 768 1000 
-0.0113819 0.0190281 0.104024 -0.143936 0.0160139 -0.0201711 0.0207079 -0.468609 -1.64331e-07 0.324337 -0.0676777 0.0283711 884 881 890 887 820 1000 -0.00760965 -0.0364764 0.20116 -0.022785 -0.173232 -0.130058 -0.0808683 853 896 877 890 768 1000 
-0.0117865 0.0188757 0.103745 -0.143241 0.0165408 -0.0196707 0.0214845 -0.468534 -1.82034e-07 0.323267 -0.068834 0.0266046 885 881 889 887 820 1000 -0.00776379 -0.0362341 0.200692 -0.0224439 -0.173317 -0.12955 -0.0804867 853 896 877 890 769 1000 
-0.0121678 0.0186317 0.103338 -0.142436 0.0172591 -0.0190334 0.0221098 -0.468267 -1.67798e-05 0.322384 -0.0701943 0.0247788 885 881 888 887 820 1000 -0.00783102 -0.0360076 0.200354 -0.0221415 -0.173266 -0.129039 -0.0801098 852 895 876 889 769 1000 
-0.0125778 0.0182055 0.102722 -0.140888 0.0183336 -0.0181798 0.0225292 -0.467552 -0.000155331 0.321945 -0.0718589 0.0227769 884 880 887 887 820 1000 -0.00775754 -0.0357719 0.200087 -0.0218487 -0.173136 -0.128545 -0.0798377 852 894 875 888 770 1000 
-0.0129461 0.0177649 0.102133 -0.139414 0.0193874 -0.0172451 0.0228739 -0.46651 -0.000302448 0.321834 -0.0736543 0.0207077 884 879 887 887 820 1000 -0.00762183 -0.0355347 0.199844 -0.0216008 -0.172977 -0.128119 -0.0796872 852 894 875 888 770 1000 
-0.0133181 0.0172526 0.101587 -0.137689 0.0205645 -0.0162497 0.0231512 -0.46511 -0.000457653 0.322028 -0.0755666 0.0184854 884 879 885 887 820 1000 -0.00743926 -0.0352349 0.199403 -0.0213464 -0.172989 -0.127747 -0.0797041 851 893 875 888 770 1000 
-0.0136522 0.0166922 0.101171 -0.135773 0.0217527 -0.0152536 0.0233332 -0.46358 -0.00062152 0.322341 -0.0774286 0.016173 884 879 884 887 820 1000 -0.00726131 -0.0348981 0.198722 -0.021018 -0.173233 -0.127362 -0.0797974 851 893 874 889 770 1000 
-0.0139376 0.0161409 0.100932 -0.133829 0.0228002 -0.0143403 0.0234257 -0.462124 -0.000769214 0.322594 -0.0791006 0.0138471 885 879 884 887 820 1000 -0.00715305 -0.034557 0.19792 -0.0206296 -0.1736 -0.126935 -0.0798168 851 893 874 889 769 1000 
-0.0141897 0.0156183 0.100934 -0.131898 0.023649 -0.0135644 0.0234709 -0.460861 -0.000852777 0.322692 -0.0805068 0.0116212 885 878 884 886 820 1000 -0.00712037 -0.0342367 0.197109 -0.0202308 -0.17399 -0.126488 -0.0796931 851 893 874 889 769 1000 
-0.0144011 0.015169 0.101001 -0.130202 0.0243203 -0.0129346 0.0235269 -0.459792 -0.0008638 0.322646 -0.0816696 0.00960548 885 878 883 886 819 1000 -0.00713557 -0.033969 0.196353 -0.019847 -0.174342 -0.126057 -0.0794761 851 892 874 889 769 1000 
-0.0145964 0.0147479 0.10109 -0.127969 0.0247301 -0.0124528 0.0236103 -0.45898 -0.000768037 0.322335 -0.0825982 0.00777539 885 878 883 886 820 1000 -0.00719936 -0.0337288 0.195707 -0.0193989 -0.174583 -0.125575 -0.0791233 850 891 874 889 768 1000 
-0.0147601 0.0143335 0.101083 -0.125712 0.0250211 -0.012055 0.0237192 -0.45837 -0.00062666 0.321814 -0.0833518 0.00616619 885 877 882 886 819 1000 -0.00725767 -0.0335353 0.195172 -0.0189169 -0.174707 -0.125106 -0.0787117 849 891 874 889 769 1000 
-0.0149031 0.0138673 0.100985 -0.123744 0.0253016 -0.0116625 0.0238271 -0.458055 -0.000507222 0.320992 -0.0840217 0.0047427 885 877 882 886 819 1000 -0.00714615 -0.0333356 0.194664 -0.0184375 -0.174802 -0.124709 -0.0782769 849 891 874 889 769 1000 
-0.0150259 0.0134309 0.100894 -0.122253 0.0255216 -0.0112847 0.0239086 -0.45792 -0.000419528 0.320061 -0.0846314 0.00351517 885 877 881 886 819 1000 -0.00694656 -0.0331312 0.194181 -0.0180328 -0.174897 -0.124395 -0.0778628 849 891 874 889 769 1000 
-0.0151389 0.0130031 0.100915 -0.121066 0.0256571 -0.0108829 0.0239541 -0.457945 -0.000378957 0.318952 -0.0852107 0.00238727 885 877 881 886 819 1000 -0.0066494 -0.0329061 0.193644 -0.0176953 -0.175036 -0.124123 -0.0774201 849 891 873 890 768 1000 
-0.0152509 0.0126087 0.100928 -0.120117 0.0256571 -0.0104652 0.0239807 -0.458001 -0.000384698 0.3178 -0.0857178 0.00131509 884 877 881 886 819 1000 -0.00631833 -0.0326559 0.193086 -0.0174016 -0.175191 -0.123813 -0.0768954 850 891 874 890 768 1000 
-0.0153757 0.012236 0.100683 -0.119313 0.0254195 -0.0100139 0.0239828 -0.457969 -0.000478654 0.316727 -0.0860945 0.000184579 884 877 881 886 819 1000 -0.00598776 -0.0323625 0.192593 -0.0171068 -0.175282 -0.123357 -0.0761816 850 891 874 890 767 1000 
-0.015499 0.0118594 0.100199 -0.118716 0.0250203 -0.00952271 0.0239928 -0.457834 -0.00068092 0.315679 -0.0863244 -0.00104966 884 877 880 886 819 1000 -0.00568321 -0.0320807 0.192236 -0.0167932 -0.175206 -0.122775 -0.0753039 850 891 874 890 767 1000 
-0.0156041 0.0115137 0.0997125 -0.118168 0.0246259 -0.00907416 0.0240152 -0.457631 -0.000909525 0.314713 -0.0864559 -0.00220917 885 877 880 886 819 1000 -0.00541675 -0.0318424 0.191973 -0.0165077 -0.17504 -0.122196 -0.0744522 850 891 874 890 768 1000 
-0.0157091 0.0111661 0.099279 -0.117608 0.0240697 -0.00868127 0.0239869 -0.457387 -0.00112814 0.313797 -0.0864962 -0.00325916 885 877 880 886 819 1000 -0.00511786 -0.0316047 0.191805 -0.0162166 -0.174779 -0.121583 -0.0736503 851 891 875 890 768 1000 
-0.0158108 0.0108285 0.0989747 -0.117281 0.0233743 -0.00832253 0.023906 -0.457028 -0.00131252 0.313006 -0.0864476 -0.00415763 885 877 880 886 819 1000 -0.00475043 -0.0313528 0.191679 -0.0159103 -0.174478 -0.120896 -0.0728823 851 892 875 890 768 1000 
-0.0159033 0.010528 0.0988072 -0.117024 0.0226972 -0.0080183 0.0238014 -0.456576 -0.00146343 0.312316 -0.0863279 -0.00488829 885 877 880 886 819 1000 -0.00438318 -0.0311053 0.191525 -0.0156183 -0.174204 -0.120168 -0.0721424 851 892 875 890 768 1000 
-0.0159905 0.0102637 0.0986285 -0.116616 0.0219962 -0.00778252 0.0237002 -0.456039 -0.00157677 0.311646 -0.0861147 -0.00544658 885 876 879 885 819 1000 -0.00404474 -0.0308412 0.191325 -0.015272 -0.173949 -0.119357 -0.071396 851 891 875 891 768 1000 
-0.0160577 0.0100105 0.0983951 -0.115875 0.0213823 -0.00762243 0.023596 -0.455532 -0.00163162 0.310965 -0.0858617 -0.00584083 885 876 879 885 819 1000 -0.00371547 -0.0305442 0.191069 -0.0148776 -0.173754 -0.118558 -0.0706788 851 891 875 891 768 1000 
-0.0160968 0.00975359 0.09823 -0.115053 0.0209004 -0.00752856 0.0234659 -0.45511 -0.00162708 0.310213 -0.0856115 -0.0061093 884 876 878 885 819 1000 -0.00332399 -0.0302002 0.19062 -0.014482 -0.173754 -0.117822 -0.070045 850 891 875 890 767 1000 
-0.0161156 0.00949555 0.0981448 -0.114248 0.0205408 -0.00746055 0.0233342 -0.454768 -0.00158338 0.309442 -0.0853901 -0.00630784 884 875 878 885 818 1000 -0.00289362 -0.029854 0.190014 -0.0141344 -0.173932 -0.117181 -0.0695485 850 891 875 890 768 1000 
-0.016134 0.00926895 0.0981282 -0.113611 0.0202324 -0.00739351 0.0232313 -0.454477 -0.00157204 0.30857 -0.0852462 -0.00649927 883 875 878 885 819 1000 -0.00238929 -0.02948 0.18904 -0.0138642 -0.174454 -0.116623 -0.0692295 850 891 875 890 767 1000 
-0.0161683 0.00909432 0.0980205 -0.113109 0.0199361 -0.00728071 0.0231898 -0.454243 -0.00166282 0.307652 -0.0852 -0.0067087 884 875 878 885 818 1000 -0.00189581 -0.0290991 0.187956 -0.013685 -0.175087 -0.116166 -0.0690014 850 891 874 889 767 1000 
-0.0162157 0.00896709 0.0977942 -0.112744 0.0196441 -0.0070818 0.0232254 -0.454085 -0.0019192 0.306672 -0.0852796 -0.00694125 885 875 878 885 818 1000 -0.00144182 -0.0287371 0.186887 -0.0135746 -0.175707 -0.115784 -0.0687799 851 891 873 888 767 1000 
-0.0162474 0.00888117 0.097633 -0.112946 0.0193446 -0.0068096 0.0233225 -0.454144 -0.00238846 0.305489 -0.0855394 -0.00719535 885 875 878 884 818 1000 -0.00103071 -0.0284384 0.18597 -0.0134775 -0.176178 -0.115425 -0.0684676 851 891 872 887 767 1000 
-0.0162499 0.00882125 0.0975065 -0.113159 0.0190709 -0.00642233 0.0234253 -0.454306 -0.00299561 0.304218 -0.085911 -0.00743598 885 875 877 884 818 1000 -0.000665545 -0.0282236 0.185211 -0.0133795 -0.176493 -0.115091 -0.0680833 851 891 871 887 767 1000 
-0.0161934 0.00878943 0.0974219 -0.1136 0.0187817 -0.0058574 0.0234273 -0.454459 -0.00381191 0.302977 -0.0864175 -0.00767939 885 875 877 884 818 1000 -0.000311119 -0.0280996 0.184588 -0.0132405 -0.176673 -0.114762 -0.0676128 851 891 871 887 767 1000 
-0.0161115 0.00878557 0.0972389 -0.113794 0.0185066 -0.00513061 0.0233424 -0.454384 -0.00476072 0.301984 -0.0869577 -0.00797441 885 875 877 884 818 1000 -1.06356e-05 -0.028062 0.184137 -0.0130772 -0.176682 -0.114449 -0.0671176 851 892 871 887 766 1000 
-0.0160093 0.00885519 0.0970024 -0.114041 0.0182119 -0.00429192 0.0231709 -0.454097 -0.00580745 0.301226 -0.0874587 -0.00833266 884 875 877 884 818 1000 0.000243781 -0.0281034 0.183837 -0.0129362 -0.17654 -0.114208 -0.0666685 851 891 870 886 767 1000 
-0.0159076 0.00894745 0.0968181 -0.114323 0.0179398 -0.0034422 0.0229637 -0.453667 -0.00687342 0.300634 -0.087855 -0.00874717 884 875 877 884 818 1000 0.000473228 -0.028187 0.183656 -0.0128361 -0.176277 -0.114062 -0.0663138 851 891 870 886 767 1000 