-0.0253401 0.000992534 -0.0208673 -0.0249857 -0.0635504 -0.00403086 0.0218367 -0.000904874 -4.95039e-08 -0.0337073 -0.11244 -0.0180258 879 891 911 904 793 1000 0.00138865 -0.00475394 0.00191455 -0.0487208 0.0785254 -0.111526 -0.0575603 984 905 873 891 737 1000 
-0.0251709 0.00103148 -0.0208039 -0.025125 -0.063886 -0.00404259 0.0215683 -0.000702185 -4.68388e-08 -0.0337864 -0.112658 -0.0182395 881 892 912 907 793 1000 0.00111633 -0.00474886 0.00190213 -0.0482974 0.078662 -0.111232 -0.0582795 986 908 878 892 736 1000 
-0.0249727 0.00103866 -0.0208033 -0.0250873 -0.0642963 -0.00395126 0.0212646 -0.000485617 -4.24006e-08 -0.033755 -0.112836 -0.0185526 881 893 913 909 793 1000 0.000854156 -0.00474334 0.00185221 -0.0478907 0.0787446 -0.110919 -0.0588828 987 910 881 893 736 1000 
-0.0247521 0.00102487 -0.0208676 -0.0248628 -0.0647524 -0.00378338 0.0209644 -0.000282006 -3.8083e-08 -0.0336428 -0.112957 -0.0189763 883 894 913 912 793 1000 0.000615347 -0.00475788 0.00175835 -0.0475309 0.0787463 -0.110616 -0.059426 989 914 888 893 736 1000 
-0.0245365 0.000992782 -0.0209247 -0.0247095 -0.0652285 -0.00358336 0.020699 -0.000120987 -3.42496e-08 -0.0334973 -0.113027 -0.0194655 883 894 913 912 793 1000 0.000412183 -0.00479341 0.00162618 -0.0472398 0.0786585 -0.110337 -0.0599837 990 915 891 893 736 1000 
-0.0243 0.000936919 -0.0208944 -0.0244975 -0.0657237 -0.00333711 0.0204655 1.9272e-06 -3.00086e-08 -0.033332 -0.11299 -0.0199677 884 896 915 915 793 1000 0.000232642 -0.00485035 0.00147883 -0.0470139 0.0784974 -0.110086 -0.0606408 991 917 894 894 736 1000 
-0.0240329 0.000833086 -0.0207697 -0.0244305 -0.0662085 -0.00302815 0.0202581 9.02863e-05 -2.59028e-08 -0.033159 -0.112778 -0.020437 884 897 915 916 793 1000 7.54462e-05 -0.00492197 0.00134624 -0.046815 0.0783007 -0.109848 -0.061406 991 917 895 894 736 1000 
-0.0237552 0.000714913 -0.0205697 -0.0244975 -0.0666745 -0.00268605 0.0200994 0.00014422 -2.23241e-08 -0.032994 -0.11237 -0.0208463 884 898 916 916 793 1000 -6.73937e-05 -0.00498749 0.00123633 -0.046628 0.0780814 -0.109623 -0.0621913 992 916 896 894 736 1000 
-0.0234785 0.000598662 -0.0204263 -0.0246585 -0.0671082 -0.00232141 0.0200075 0.000185816 -1.92687e-08 -0.0328221 -0.111785 -0.0212048 884 898 916 916 793 1000 -0.000204331 -0.00503957 0.00115522 -0.0464639 0.0778544 -0.109426 -0.0629093 992 916 897 894 736 1000 
-0.0232155 0.000478608 -0.0203836 -0.0250614 -0.0674759 -0.00194146 0.0199834 0.000213178 -1.6663e-08 -0.0326512 -0.111062 -0.0215417 885 898 916 917 793 1000 -0.00034124 -0.00506786 0.00111969 -0.0463457 0.0776498 -0.10928 -0.0634915 993 917 898 893 736 1000 
-0.0229708 0.000352262 -0.0204346 -0.025468 -0.0677881 -0.00154401 0.0200243 0.000213141 -1.44231e-08 -0.032505 -0.110232 -0.0218772 885 898 916 917 792 1000 -0.000483785 -0.00507601 0.00113369 -0.0462965 0.0774912 -0.109213 -0.0639258 993 918 898 893 736 1000 
-0.0227462 0.000247896 -0.0205812 -0.0256238 -0.0680566 -0.00116385 0.0201239 0.000173926 -1.25552e-08 -0.0324135 -0.109337 -0.0221969 885 898 915 918 792 1000 -0.000646956 -0.00509227 0.00123832 -0.0463078 0.0774628 -0.109204 -0.0642821 993 917 899 893 736 1000 
-0.0225488 0.000140621 -0.0208149 -0.0256375 -0.0682374 -0.000808936 0.0202929 0.000107067 -1.09961e-08 -0.0323782 -0.108417 -0.022461 886 898 915 918 792 1000 -0.000805882 -0.0051117 0.00135918 -0.0463786 0.0775041 -0.109238 -0.0646222 993 917 899 893 736 1000 
-0.0223846 3.33874e-05 -0.0210851 -0.025671 -0.0683393 -0.000509881 0.0204895 4.09473e-05 -9.77077e-09 -0.0323723 -0.107541 -0.0226544 886 899 915 918 792 1000 -0.000938292 -0.00511962 0.00147734 -0.0464817 0.0775965 -0.10929 -0.0649481 993 917 899 893 736 1000 
-0.022238 -0.000122084 -0.0213818 -0.0258271 -0.0682413 -0.000231271 0.0207301 -3.40858e-05 -8.67879e-09 -0.0324085 -0.106706 -0.0227211 886 899 915 918 792 1000 -0.0010541 -0.00511049 0.0015894 -0.0466308 0.07773 -0.10937 -0.065236 993 917 898 893 736 1000 
-0.0221047 -0.000339538 -0.0216597 -0.0259852 -0.0678961 3.94832e-05 0.0209957 -8.05513e-05 -7.73186e-09 -0.0324398 -0.105902 -0.022606 888 900 915 918 792 1000 -0.00113923 -0.00509332 0.00168413 -0.0468395 0.0778858 -0.109495 -0.0654681 992 916 897 893 737 1000 
-0.0219898 -0.000598461 -0.0218568 -0.0260663 -0.0673669 0.000286383 0.0212518 -9.71295e-05 -6.96561e-09 -0.032451 -0.105139 -0.0223325 888 900 915 918 792 1000 -0.00117786 -0.00507586 0.00173351 -0.0471035 0.0780125 -0.109669 -0.0656182 991 916 896 893 737 1000 
-0.0218924 -0.000882046 -0.0218907 -0.0263228 -0.0667485 0.000482079 0.0214903 -0.000120146 -6.40769e-09 -0.0324775 -0.104463 -0.0219712 889 901 915 919 791 1000 -0.00117583 -0.00506817 0.00176399 -0.0474034 0.0781258 -0.109886 -0.0656809 991 916 895 893 737 1000 
-0.0218131 -0.00117232 -0.021907 -0.0264859 -0.0661062 0.000608045 0.0217131 -0.000152968 -6.0741e-09 -0.0325284 -0.103934 -0.0215913 889 901 915 919 791 1000 -0.00114492 -0.00507393 0.00176484 -0.0477153 0.0782033 -0.110128 -0.065678 991 916 895 893 737 1000 
-0.0217391 -0.00143592 -0.0219314 -0.0266773 -0.0654652 0.000636009 0.0219028 -0.000206994 -5.89421e-09 -0.0326227 -0.103596 -0.0212444 889 901 915 919 791 1000 -0.00110794 -0.00511099 0.00174916 -0.0480247 0.0782508 -0.110372 -0.0656491 990 915 893 892 737 1000 
-0.0216429 -0.00167716 -0.0219647 -0.0269068 -0.0648076 0.000585554 0.0220564 -0.000254308 -5.7872e-09 -0.0327328 -0.10343 -0.0209319 889 901 915 919 791 1000 -0.00106982 -0.00520957 0.00173404 -0.0483141 0.0782859 -0.110613 -0.0656307 990 915 893 892 737 1000 
-0.0215236 -0.00192093 -0.0220543 -0.0271009 -0.0641173 0.000499088 0.0221974 -0.000266088 -5.72449e-09 -0.0328152 -0.103406 -0.0206316 890 901 915 919 791 1000 -0.00102025 -0.00537208 0.00174316 -0.0485679 0.0783421 -0.110864 -0.0656202 989 914 892 892 738 1000 
-0.0214005 -0.00217195 -0.022161 -0.0272507 -0.0633967 0.00039653 0.0223576 -0.000257264 -5.70656e-09 -0.0328739 -0.103487 -0.0203143 890 901 915 918 791 1000 -0.000948085 -0.00556934 0.00178908 -0.0487865 0.0784455 -0.111148 -0.0655814 989 914 891 893 738 1000 
-0.0212762 -0.00240547 -0.0222119 -0.0275147 -0.0626574 0.000268908 0.0225351 -0.000266376 -5.71963e-09 -0.0329529 -0.103643 -0.0199812 891 902 915 918 791 1000 -0.00086092 -0.00578536 0.00185043 -0.0489612 0.0785857 -0.111459 -0.0655023 988 914 890 893 738 1000 
-0.0211627 -0.00257495 -0.0223432 -0.0279463 -0.0619357 8.25659e-05 0.022717 -0.000286276 -5.75178e-09 -0.0330505 -0.103852 -0.0196689 891 902 915 918 791 1000 -0.000805655 -0.00600939 0.00190613 -0.0490839 0.0787393 -0.11178 -0.0653644 987 914 889 894 738 1000 
-0.0210635 -0.00266968 -0.0225427 -0.0282416 -0.061232 -0.000191836 0.0229152 -0.000360535 -5.77313e-09 -0.0332311 -0.104081 -0.0193913 891 902 915 918 788 1000 -0.000822777 -0.00626153 0.0019721 -0.0491442 0.0789271 -0.112086 -0.0651628 986 914 889 894 738 1000 
-0.0209706 -0.00271357 -0.0228115 -0.028546 -0.0605296 -0.000528377 0.0232005 -0.000492666 -5.82805e-09 -0.0335243 -0.104295 -0.0189719 891 902 915 917 787 1000 -0.000923506 -0.00654088 0.00206458 -0.0491438 0.0791762 -0.112357 -0.0649117 986 914 888 894 738 1000 
-0.0208733 -0.00273927 -0.0230627 -0.0290955 -0.059813 -0.000901338 0.0234955 -0.000651714 -6.07574e-09 -0.0339148 -0.104572 -0.0184654 891 902 916 917 787 1000 -0.00109061 -0.00683581 0.00218203 -0.0491044 0.079501 -0.112602 -0.0646475 985 913 887 894 738 1000 
-0.0207361 -0.00276876 -0.0233108 -0.0296631 -0.0590466 -0.00126732 0.023755 -0.000806655 -6.45456e-09 -0.0343715 -0.104968 -0.0179159 892 903 916 917 787 1000 -0.00128942 -0.00714482 0.002306 -0.0490534 0.079887 -0.112842 -0.0644136 984 913 886 894 738 1000 
-0.0205567 -0.00281832 -0.0235195 -0.0302824 -0.058231 -0.00158257 0.0239576 -0.000914695 -6.78614e-09 -0.0348333 -0.105474 -0.0173259 892 903 917 917 787 1000 -0.00148981 -0.00744388 0.00240654 -0.0490044 0.0802996 -0.113091 -0.0642319 983 913 885 894 738 1000 
-0.0203702 -0.00289055 -0.0236665 -0.0309021 -0.0574692 -0.00181833 0.0240979 -0.000975499 -6.94448e-09 -0.0352783 -0.106015 -0.0167258 892 904 918 917 787 1000 -0.00165719 -0.00770645 0.00246155 -0.0489496 0.0806961 -0.113339 -0.0640972 983 913 884 894 738 1000 
-0.0201343 -0.00302704 -0.0238151 -0.031288 -0.0566898 -0.00198175 0.0241938 -0.000976979 -7.0264e-09 -0.0356593 -0.106543 -0.0160909 893 904 919 918 787 1000 -0.00178886 -0.00793137 0.00247638 -0.0489076 0.0810539 -0.113595 -0.0639961 982 913 883 894 738 1000 
-0.0198582 -0.00320046 -0.0241579 -0.0316514 -0.0560407 -0.00206842 0.0242529 -0.000869217 -7.00571e-09 -0.0358879 -0.107004 -0.015368 893 905 920 918 787 1000 -0.00189001 -0.00811814 0.002456 -0.0489161 0.0813727 -0.113911 -0.0638873 981 913 882 894 738 1000 
-0.0195489 -0.00337912 -0.0246504 -0.0318309 -0.0555477 -0.00212109 0.0242898 -0.000672255 -6.9715e-09 -0.0359485 -0.107374 -0.0145696 893 905 921 918 786 1000 -0.00196593 -0.00828899 0.00246564 -0.0489467 0.0817242 -0.114271 -0.0637527 982 912 881 894 738 1000 
-0.0192212 -0.00351882 -0.025172 -0.0320229 -0.0552577 -0.00220196 0.0243156 -0.000456741 -6.94839e-09 -0.0358953 -0.107668 -0.0137998 893 905 921 918 786 1000 -0.00203334 -0.00844567 0.00251651 -0.0489747 0.0821333 -0.114641 -0.0636052 982 912 881 893 738 1000 
-0.0188651 -0.00361078 -0.0255721 -0.0325403 -0.0551327 -0.00232977 0.0243157 -0.000270008 -6.89298e-09 -0.0357851 -0.107902 -0.0131625 893 905 920 918 787 1000 -0.00209346 -0.00859487 0.00253567 -0.0489849 0.0825204 -0.115006 -0.0634849 982 912 880 893 739 1000 
-0.0185612 -0.00367917 -0.0258846 -0.0330071 -0.0550478 -0.00246011 0.0243041 -0.000122617 -6.82175e-09 -0.0356458 -0.108083 -0.0126572 893 905 920 918 787 1000 -0.00214322 -0.00872734 0.00252052 -0.0489687 0.0828673 -0.115348 -0.0633933 982 912 880 893 739 1000 
-0.0183151 -0.00373344 -0.0261376 -0.033383 -0.0549801 -0.00257427 0.0242927 -1.42411e-05 -6.76197e-09 -0.0354948 -0.108219 -0.0122555 893 905 920 918 787 1000 -0.00218395 -0.00883695 0.00248529 -0.0489303 0.0831783 -0.11566 -0.0633223 982 912 880 893 739 1000 
-0.0179492 -0.00374937 -0.0263229 -0.0336996 -0.0551654 -0.00272646 0.0242893 -0.000106123 -6.78599e-09 -0.0355586 -0.108335 -0.011943 894 906 921 918 785 1000 -0.00218783 -0.00898975 0.00242903 -0.0488612 0.0834479 -0.115938 -0.0633097 981 911 879 893 739 1000 
-0.0174062 -0.00371469 -0.0265219 -0.0335416 -0.0557133 -0.00295857 0.024286 -0.000443951 -6.96138e-09 -0.0360154 -0.108498 -0.0116679 894 906 920 918 784 1000 -0.00213694 -0.00923911 0.00238105 -0.048759 0.0837089 -0.116202 -0.0633672 981 911 878 892 739 1000 
-0.0168614 -0.00366412 -0.0267108 -0.0329699 -0.0563609 -0.00319969 0.0242644 -0.000714013 -7.1378e-09 -0.0365343 -0.108722 -0.0113906 894 906 920 918 785 1000 -0.00206544 -0.00951086 0.00237281 -0.0486417 0.0840055 -0.116462 -0.0634175 980 911 878 892 739 1000 
-0.0163349 -0.00362936 -0.0266571 -0.0325181 -0.0570178 -0.00343127 0.0242194 -0.000904112 -7.19088e-09 -0.0370625 -0.108945 -0.0111529 894 906 920 918 784 1000 -0.00195541 -0.0097931 0.00234778 -0.0485191 0.0842803 -0.116708 -0.0634655 980 911 878 892 739 1000 
-0.0158331 -0.00362281 -0.0264901 -0.0319759 -0.0576636 -0.00363147 0.0241615 -0.00104112 -7.16214e-09 -0.0376037 -0.109109 -0.0109825 894 906 920 918 784 1000 -0.00180694 -0.0100795 0.00228653 -0.0484041 0.0844971 -0.116939 -0.0635183 980 910 877 892 739 1000 
-0.0153532 -0.00365657 -0.026353 -0.0315692 -0.0583135 -0.00378996 0.0241039 -0.00112433 -7.14708e-09 -0.0381311 -0.109205 -0.0108908 894 906 920 918 784 1000 -0.00161684 -0.01038 0.0022326 -0.0483175 0.0846997 -0.117168 -0.0635948 979 910 877 892 739 1000 
-0.0149145 -0.00371591 -0.0261817 -0.0312501 -0.0589319 -0.0039305 0.0240714 -0.00117408 -7.21664e-09 -0.0386496 -0.109278 -0.0108458 894 906 920 918 784 1000 -0.00138283 -0.0106714 0.00216202 -0.0482727 0.0848586 -0.117403 -0.0637051 979 910 877 892 739 1000 
-0.0145234 -0.00380025 -0.0259258 -0.0313537 -0.0594856 -0.00406323 0.0240712 -0.00122017 -7.33303e-09 -0.039184 -0.109376 -0.0108145 894 906 920 918 784 1000 -0.00110219 -0.0109474 0.00207567 -0.0482804 0.0849649 -0.117639 -0.0638273 979 910 877 892 739 1000 
-0.0141884 -0.00388314 -0.0256318 -0.0315415 -0.05995 -0.00417869 0.024087 -0.00125897 -7.45737e-09 -0.0397286 -0.109502 -0.0107811 894 905 920 918 784 1000 -0.000813701 -0.0111922 0.00198604 -0.0483335 0.0850259 -0.117868 -0.0639329 978 910 877 892 739 1000 
-0.0138803 -0.00397049 -0.0252986 -0.0318201 -0.0603607 -0.00429095 0.0241228 -0.00126328 -7.66686e-09 -0.0402433 -0.109702 -0.0107208 894 905 919 918 784 1000 -0.000522833 -0.0114205 0.00191641 -0.0484549 0.0850673 -0.118117 -0.0639783 978 910 876 891 739 1000 
-0.0135994 -0.00406063 -0.0249467 -0.0321479 -0.0607179 -0.00439378 0.0241679 -0.00121926 -7.90561e-09 -0.0406925 -0.109985 -0.0106426 894 905 919 918 784 1000 -0.000239946 -0.0116428 0.00189268 -0.0486385 0.0851302 -0.118393 -0.0639354 978 910 876 891 739 1000 
-0.0133666 -0.00415194 -0.0246148 -0.0324447 -0.0610115 -0.00448089 0.0242265 -0.00115499 -8.02773e-09 -0.0410929 -0.110307 -0.0105643 895 906 919 918 784 1000 1.76381e-05 -0.0118485 0.00191086 -0.048837 0.0852309 -0.118678 -0.063807 978 910 876 891 739 1000 
-0.0131892 -0.00425333 -0.0243101 -0.0327003 -0.0612065 -0.00455374 0.0243034 -0.00110022 -8.01515e-09 -0.0414763 -0.1106 -0.0104973 895 906 919 918 784 1000 0.000247245 -0.0120354 0.00195271 -0.0490101 0.0853651 -0.118946 -0.0636331 978 910 876 891 739 1000 
-0.0130595 -0.00438524 -0.0240224 -0.0329271 -0.0613007 -0.00460537 0.0244075 -0.00105586 -7.94543e-09 -0.0418483 -0.110819 -0.0104476 895 906 919 917 784 1000 0.000449201 -0.0122177 0.00199749 -0.0491301 0.0855197 -0.119178 -0.0634608 977 910 876 891 739 1000 
-0.0129808 -0.00454295 -0.0236287 -0.03326 -0.0613385 -0.00466526 0.0245408 -0.0010964 -7.88395e-09 -0.0423153 -0.110964 -0.0104135 895 906 919 917 784 1000 0.000623766 -0.0123936 0.00202033 -0.0491922 0.0856634 -0.119364 -0.0633161 977 909 876 891 739 1000 
-0.0129457 -0.00469213 -0.0232886 -0.0335153 -0.061378 -0.00474647 0.0246925 -0.00115865 -7.97491e-09 -0.0428322 -0.111099 -0.0103769 895 905 918 917 783 1000 0.000745561 -0.0125497 0.00205027 -0.0492214 0.0858243 -0.119516 -0.06318 977 909 876 891 739 1000 
-0.0129469 -0.00480764 -0.0229785 -0.0337189 -0.0614725 -0.00485442 0.0248437 -0.00117819 -8.27604e-09 -0.0433188 -0.111289 -0.0103302 895 905 918 916 783 1000 0.00079726 -0.0126947 0.00211615 -0.0492394 0.0860459 -0.119651 -0.0630425 976 909 876 891 739 1000 
-0.0129829 -0.00488184 -0.0226123 -0.034321 -0.0616495 -0.00498592 0.024979 -0.00113153 -8.88134e-09 -0.0437222 -0.111596 -0.010265 895 904 917 915 783 1000 0.000788669 -0.0128218 0.00218077 -0.0492544 0.086293 -0.119775 -0.0628989 976 909 875 891 740 1000 
-0.0130405 -0.00492139 -0.0222579 -0.0351133 -0.0619412 -0.00512703 0.025083 -0.00100832 -9.95606e-09 -0.0439995 -0.112077 -0.0101644 894 904 916 914 783 1000 0.000725854 -0.0129292 0.00224999 -0.0492567 0.0865701 -0.119875 -0.0627276 976 909 875 891 739 1000 
-0.0131088 -0.00492266 -0.0219801 -0.0357553 -0.0623581 -0.00528465 0.0251439 -0.000823846 -1.12819e-08 -0.0441354 -0.112745 -0.0100098 894 902 914 913 783 1000 0.00061576 -0.0130355 0.00234231 -0.0492553 0.086908 -0.119957 -0.0625319 976 908 875 891 739 1000 
-0.0131809 -0.00489065 -0.0218926 -0.0361842 -0.0629076 -0.00546818 0.0251606 -0.000593186 -1.27597e-08 -0.0441247 -0.113593 -0.0097842 893 902 913 911 783 1000 0.000472415 -0.0131476 0.00245196 -0.0492735 0.0873072 -0.120043 -0.0623167 975 908 874 891 739 1000 
-0.0132659 -0.00483532 -0.0218762 -0.0363833 -0.0635601 -0.00568982 0.0251503 -0.000375648 -1.47667e-08 -0.0440261 -0.114627 -0.00944807 889 900 909 907 783 1000 0.000319674 -0.0132692 0.00255645 -0.049331 0.087746 -0.120148 -0.0621059 974 907 873 891 739 1000 
-0.0133807 -0.0047472 -0.021989 -0.0367141 -0.064313 -0.00596452 0.0251505 -0.000191557 -2.13517e-08 -0.0438764 -0.115941 -0.00887762 888 898 906 904 783 1000 0.000164593 -0.0133791 0.00265023 -0.0494503 0.0882134 -0.120283 -0.0619261 974 906 873 890 740 1000 
-0.013531 -0.00464917 -0.0222503 -0.0369166 -0.0650798 -0.00628542 0.0251533 -4.25956e-05 -2.30013e-08 -0.0436912 -0.11769 -0.00794379 884 893 900 896 782 1000 2.34563e-05 -0.013465 0.0027445 -0.0496395 0.0887196 -0.120446 -0.0617916 972 905 871 889 740 1000 
-0.0137136 -0.00453045 -0.0225913 -0.0369592 -0.0658241 -0.00668031 0.0251474 5.18784e-05 -3.00013e-08 -0.0435139 -0.120086 -0.00655629 883 891 897 891 782 1000 -0.000111869 -0.0135176 0.00284074 -0.049904 0.0892638 -0.120634 -0.0617047 971 904 871 889 740 1000 
-0.0138883 -0.00440531 -0.0229322 -0.0369488 -0.066478 -0.00700546 0.0250938 8.87198e-05 -3.22302e-08 -0.0433736 -0.12292 -0.00484453 880 888 894 887 783 1000 -0.000238983 -0.0135406 0.00294732 -0.0501997 0.0898619 -0.12081 -0.0616637 971 904 870 888 740 1000 
-0.0140555 -0.00432475 -0.0232278 -0.0370512 -0.0669879 -0.00737221 0.024993 5.98032e-05 -4.20033e-08 -0.0433064 -0.126383 -0.00279936 880 886 892 883 783 1000 -0.000358843 -0.0135262 0.00300751 -0.0505168 0.0904401 -0.120962 -0.0616696 971 904 870 888 740 1000 
-0.0142057 -0.00431032 -0.0235122 -0.0372036 -0.0672986 -0.00772506 0.024809 3.37743e-05 -4.69931e-08 -0.0432514 -0.130561 -0.000410949 880 885 890 879 783 1000 -0.00048378 -0.013468 0.00299579 -0.0508375 0.0909396 -0.121081 -0.061699 970 904 870 886 740 1000 
-0.0143143 -0.004344 -0.0238234 -0.0372722 -0.0674152 -0.00794249 0.0245376 9.1303e-05 -4.53124e-08 -0.0430947 -0.135123 0.00217962 880 885 890 878 783 1000 -0.000614467 -0.0133885 0.00291504 -0.0511318 0.0913331 -0.12116 -0.0617332 970 904 869 886 740 1000 
-0.0143339 -0.00445697 -0.0241447 -0.0371272 -0.0672977 -0.00800757 0.0241852 0.000250793 -4.44108e-08 -0.0427709 -0.139694 0.0048274 881 885 890 877 784 1000 -0.000768261 -0.0133165 0.00279643 -0.0513713 0.0916318 -0.12117 -0.0617715 969 904 869 885 740 1000 
-0.0142376 -0.00463952 -0.0244327 -0.0368907 -0.0669517 -0.00795358 0.023751 0.000449237 -4.91388e-08 -0.0423208 -0.143914 0.00734144 881 885 891 877 784 1000 -0.000944013 -0.0132785 0.00267884 -0.051554 0.0918765 -0.121105 -0.0618298 969 903 869 885 740 1000 
-0.0140428 -0.00487323 -0.0245911 -0.0366822 -0.0665204 -0.00787038 0.0232791 0.000577321 -4.85134e-08 -0.0418769 -0.147509 0.00951037 882 885 890 877 784 1000 -0.0011218 -0.0132826 0.0025693 -0.0516944 0.0920782 -0.120984 -0.0619105 968 903 869 884 740 1000 
-0.0137664 -0.00514956 -0.0246972 -0.036535 -0.0660469 -0.00782299 0.0228206 0.000599485 -4.25633e-08 -0.0415205 -0.150382 0.0112298 882 885 890 877 783 1000 -0.00128305 -0.0133236 0.00248263 -0.0517936 0.0922609 -0.120836 -0.0619811 968 903 869 884 740 1000 
-0.0134035 -0.00547235 -0.0248056 -0.0363001 -0.065497 -0.00784744 0.0224119 0.000518576 -3.67833e-08 -0.0412977 -0.152531 0.0124541 882 886 891 877 783 1000 -0.00142718 -0.0133883 0.00244212 -0.0518388 0.0924659 -0.120674 -0.0619994 967 903 869 884 740 1000 
-0.0129467 -0.005846 -0.0248185 -0.0358134 -0.0648306 -0.00796372 0.0220838 0.000337905 -3.20832e-08 -0.0412472 -0.154078 0.0132222 882 886 891 878 783 1000 -0.00157108 -0.0134928 0.00247577 -0.0518319 0.0927546 -0.120515 -0.0619801 967 903 869 884 740 1000 
-0.0123862 -0.00625344 -0.0248212 -0.0347963 -0.0640731 -0.0081747 0.0218536 5.0206e-05 -2.89743e-08 -0.0414276 -0.155214 0.0136487 883 886 891 878 783 1000 -0.00171495 -0.0136601 0.00254499 -0.0517836 0.093114 -0.120362 -0.0619838 966 902 869 884 740 1000 
-0.0117398 -0.00666645 -0.0249563 -0.0335241 -0.0632877 -0.00845913 0.0216985 -0.000270962 -2.77406e-08 -0.0417841 -0.156118 0.0138816 884 886 891 878 783 1000 -0.00185886 -0.0138864 0.00261198 -0.0517153 0.0935078 -0.120226 -0.0620332 966 902 868 884 740 1000 
-0.0110208 -0.00708063 -0.025191 -0.0322412 -0.0624925 -0.00878003 0.0215904 -0.000550897 -2.74889e-08 -0.04223 -0.156868 0.0139963 884 887 892 878 783 1000 -0.00200725 -0.0141622 0.00266616 -0.0516514 0.0939191 -0.120124 -0.0621213 965 901 868 884 740 1000 
-0.0102439 -0.00750136 -0.0254757 -0.0305562 -0.0617443 -0.00910983 0.0215281 -0.000757281 -2.6965e-08 -0.0427002 -0.15745 0.0140008 884 887 892 878 783 1000 -0.00215472 -0.0144726 0.00272952 -0.0516071 0.0943698 -0.120065 -0.0622208 965 901 868 883 741 1000 
-0.00944374 -0.00791972 -0.025692 -0.0289151 -0.0610777 -0.00943142 0.0215247 -0.000897504 -2.63574e-08 -0.0431717 -0.15783 0.0138671 884 887 892 878 783 1000 -0.00227569 -0.0148022 0.0028017 -0.0516042 0.0948612 -0.120052 -0.0623015 964 900 867 883 741 1000 
-0.00866241 -0.00831174 -0.0258352 -0.0276293 -0.0605102 -0.00976323 0.0216005 -0.000999221 -2.66696e-08 -0.0436516 -0.158045 0.0136092 884 887 892 878 783 1000 -0.00236011 -0.0151249 0.00288023 -0.051652 0.09539 -0.120074 -0.0623491 964 901 867 883 740 1000 
-0.00792854 -0.00868 -0.0259523 -0.02678 -0.0600355 -0.0101222 0.0217556 -0.00109797 -2.91247e-08 -0.044173 -0.158193 0.0132843 884 887 892 878 783 1000 -0.00238741 -0.0154341 0.00293342 -0.0517579 0.0959165 -0.120122 -0.062373 964 901 867 883 741 1000 
-0.00728605 -0.00899936 -0.0259908 -0.0261782 -0.0596598 -0.0104773 0.0219457 -0.00119318 -3.21715e-08 -0.0447316 -0.158327 0.0129529 884 887 892 878 783 1000 -0.00236679 -0.0157182 0.00294149 -0.0519066 0.0963992 -0.120183 -0.0623764 963 901 867 883 741 1000 
-0.00665158 -0.00929152 -0.0260039 -0.0258885 -0.0594162 -0.0108897 0.022213 -0.00130458 -3.93379e-08 -0.0453561 -0.15855 0.0127119 884 887 892 878 783 1000 -0.00230631 -0.0160052 0.00293255 -0.0521164 0.0968542 -0.120282 -0.0623517 962 900 867 883 741 1000 
-0.00604592 -0.00953973 -0.0260457 -0.0259381 -0.0593118 -0.0113207 0.0225512 -0.00139686 -4.6114e-08 -0.0460038 -0.158875 0.0126393 884 887 892 878 783 1000 -0.00222444 -0.016294 0.00291707 -0.0523551 0.0972891 -0.120401 -0.0622982 961 900 867 883 741 1000 
-0.0054885 -0.0097459 -0.0260803 -0.0262414 -0.0593365 -0.0117124 0.0229401 -0.00144373 -5.01571e-08 -0.0466301 -0.159249 0.012755 884 887 893 878 783 1000 -0.00214622 -0.0165739 0.00289797 -0.052571 0.0977063 -0.120502 -0.0622293 960 900 867 883 741 1000 
-0.0049854 -0.00992131 -0.0259952 -0.0268458 -0.0594127 -0.0120476 0.0233645 -0.00146474 -5.21682e-08 -0.0472401 -0.159623 0.0130069 884 887 892 878 783 1000 -0.00207196 -0.0168422 0.00285397 -0.0527485 0.0980784 -0.120574 -0.0621758 959 900 867 883 741 1000 
-0.00451828 -0.0100937 -0.0257371 -0.027548 -0.0594658 -0.0123131 0.023811 -0.00149556 -5.0473e-08 -0.0478722 -0.15995 0.0132931 883 887 892 878 782 1000 -0.00199048 -0.0170958 0.00277008 -0.0528957 0.0983744 -0.120627 -0.0621708 958 900 867 883 741 1000 
-0.0041061 -0.0102702 -0.0254133 -0.0283595 -0.0594674 -0.0125006 0.0242377 -0.0015253 -4.66506e-08 -0.048516 -0.160187 0.013538 883 887 892 878 782 1000 -0.00189256 -0.017321 0.00267442 -0.0530248 0.0986154 -0.120669 -0.0622058 958 900 867 883 741 1000 
-0.00371247 -0.0104758 -0.0250471 -0.0289127 -0.0593392 -0.0125934 0.0246531 -0.00153987 -4.12962e-08 -0.0491514 -0.160268 0.0137035 883 887 892 879 782 1000 -0.00178298 -0.0175152 0.0025998 -0.0531469 0.0988394 -0.120706 -0.0622441 955 900 867 883 741 1000 
-0.0033347 -0.0107036 -0.0245941 -0.0291429 -0.0591085 -0.0126033 0.0250647 -0.00155799 -3.63691e-08 -0.0497969 -0.160184 0.0138 883 887 892 879 782 1000 -0.00165533 -0.0176924 0.00253754 -0.0532714 0.0990418 -0.120738 -0.0622429 954 900 867 883 741 1000 
-0.00298494 -0.010938 -0.0241659 -0.0285535 -0.0588048 -0.0125471 0.0254871 -0.00158711 -3.25018e-08 -0.0504647 -0.160002 0.0138979 883 887 892 878 782 1000 -0.00152792 -0.0178416 0.00251122 -0.0534182 0.0992577 -0.120775 -0.0621584 951 900 867 883 741 1000 
-0.00266398 -0.0111669 -0.023685 -0.0273869 -0.0584328 -0.0124403 0.0259159 -0.00164359 -2.99394e-08 -0.0511816 -0.159811 0.0140446 883 887 892 878 782 1000 -0.00141832 -0.0179669 0.0025198 -0.0535951 0.0995016 -0.120824 -0.0619981 950 900 867 883 741 1000 
-0.00237812 -0.0113715 -0.0231957 -0.0256816 -0.0580034 -0.0122963 0.0263173 -0.00170843 -2.85555e-08 -0.0519356 -0.159684 0.0142777 882 886 891 878 782 1000 -0.00133247 -0.0180736 0.00253931 -0.0538105 0.0997594 -0.120905 -0.0617883 950 900 868 883 741 1000 
-0.00211818 -0.0115464 -0.0226781 -0.0234103 -0.057514 -0.0121168 0.0266672 -0.00175396 -2.81057e-08 -0.0526912 -0.159654 0.0146005 882 886 891 878 782 1000 -0.00126758 -0.0181649 0.00254089 -0.0540754 0.0999956 -0.121033 -0.061547 950 900 868 883 741 1000 
-0.00186073 -0.0116961 -0.0221912 -0.0203559 -0.0569637 -0.0118832 0.0269517 -0.0017691 -2.94184e-08 -0.0534248 -0.159759 0.0150088 881 886 891 878 782 1000 -0.00122876 -0.0182478 0.00252573 -0.0544129 0.100202 -0.121218 -0.0612686 950 899 868 883 741 1000 
-0.0016128 -0.0118179 -0.0218556 -0.0162556 -0.0564473 -0.0116047 0.0271758 -0.0017441 -3.50728e-08 -0.0541091 -0.160034 0.0154986 881 886 891 877 782 1000 -0.00121403 -0.0183316 0.0025289 -0.0548334 0.100415 -0.121447 -0.0609403 950 899 868 883 741 1000 
-0.00138704 -0.0119017 -0.0217021 -0.0104268 -0.0561122 -0.0113111 0.0273725 -0.00172287 -3.44908e-08 -0.0547839 -0.160582 0.0160744 877 883 889 877 783 1000 -0.00121659 -0.0184027 0.0025676 -0.0553607 0.100666 -0.121681 -0.060552 959 899 868 883 741 1000 
-0.00118866 -0.0119452 -0.0216235 -0.00368185 -0.0559884 -0.011041 0.0275604 -0.00181201 -3.39824e-08 -0.0555998 -0.161549 0.0166979 877 883 889 877 783 1000 -0.00121486 -0.018462 0.00263436 -0.056 0.100955 -0.121865 -0.0601291 959 899 868 883 741 1000 
-0.000992172 -0.0119321 -0.0216443 0.00467083 -0.0562209 -0.0109361 0.0278372 -0.00225998 -9.6386e-05 -0.0569388 -0.163365 0.0175003 852 869 878 871 785 1000 -0.00124356 -0.0185123 0.00274921 -0.0568226 0.101321 -0.121967 -0.059723 975 900 869 884 741 1000 
-0.000731103 -0.0117957 -0.0217543 0.0163125 -0.0570739 -0.0111513 0.0284803 -0.00357156 -0.00107865 -0.0596468 -0.167171 0.0192165 835 858 870 865 785 1000 -0.00132661 -0.0185764 0.00303204 -0.0581534 0.101933 -0.12197 -0.0593927 983 900 869 884 741 1000 
-0.000380695 -0.0115082 -0.021833 0.0300546 -0.0583587 -0.0114422 0.0295906 -0.00600788 -0.00358565 -0.0645073 -0.173391 0.0229324 803 834 852 850 785 1000 -0.00131208 -0.0186807 0.00354548 -0.060385 0.102933 -0.121788 -0.0591686 998 902 870 885 740 1000 
6.2142e-05 -0.0110848 -0.0217338 0.0458806 -0.0598518 -0.0116647 0.031135 -0.00963632 -0.00783506 -0.0721164 -0.181986 0.0294758 788 823 845 842 784 1000 -0.000985462 -0.0188069 0.00426893 -0.0639763 0.104342 -0.121389 -0.0589962 1000 903 870 885 739 1000 
0.000584017 -0.010586 -0.0213761 0.0630899 -0.0613744 -0.0117785 0.033032 -0.0143036 -0.013874 -0.08289 -0.192762 0.0393959 763 803 828 820 783 1000 -9.23216e-05 -0.0188594 0.0051076 -0.0694831 0.106025 -0.12083 -0.0586085 1000 910 872 887 740 1000 
0.00115859 -0.0100958 -0.0208497 0.0816601 -0.0629288 -0.0118118 0.0352206 -0.0196677 -0.0217469 -0.0968303 -0.205494 0.0528138 752 793 819 807 782 1000 0.00155279 -0.0186371 0.0059569 -0.0772886 0.107713 -0.120113 -0.0574034 1000 915 875 889 740 1000 
0.00170932 -0.00967308 -0.0202337 0.101071 -0.0645622 -0.0116626 0.037375 -0.025022 -0.0310213 -0.113311 -0.219568 0.0691334 728 768 801 777 782 1000 0.00393146 -0.0181128 0.00676041 -0.0874095 0.109122 -0.118986 -0.0548241 1000 921 876 889 740 1000 
0.00223923 -0.00932079 -0.0193715 0.120734 -0.0662339 -0.0114313 0.039263 -0.0298478 -0.0413237 -0.131526 -0.234512 0.0874686 716 755 791 763 783 1000 0.00690443 -0.017429 0.00757572 -0.0999122 0.110133 -0.117376 -0.0507946 1000 923 875 888 740 1000 
0.00277252 -0.00908036 -0.0181724 0.140243 -0.0676876 -0.0112267 0.0407158 -0.0337074 -0.0521809 -0.150572 -0.249891 0.10692 691 727 770 740 785 1000 0.0104268 -0.0166662 0.00837584 -0.114908 0.110535 -0.115309 -0.0455642 1000 923 871 885 740 1000 
0.00332224 -0.00901741 -0.016717 0.159386 -0.0686254 -0.0112182 0.0416531 -0.0363173 -0.0630807 -0.169514 -0.265258 0.126653 682 717 763 734 786 1000 0.0144604 -0.0158705 0.00913384 -0.132433 0.110151 -0.112908 -0.0396073 1000 919 869 883 740 1000 
0.00382858 -0.00908176 -0.0151878 0.177077 -0.0690056 -0.0114312 0.0420695 -0.0375974 -0.073185 -0.187574 -0.279781 0.145777 667 704 752 725 786 1000 0.0188718 -0.0152246 0.00990235 -0.152054 0.108944 -0.110114 -0.0334889 1000 909 864 881 741 1000 
0.00427286 -0.00924701 -0.013775 0.193042 -0.0688309 -0.0120773 0.0421437 -0.0377691 -0.0822183 -0.204389 -0.293081 0.163783 658 698 748 720 786 1000 0.0234274 -0.0147897 0.0108588 -0.173323 0.107107 -0.107012 -0.0275539 1000 906 861 881 741 1000 
0.00466367 -0.0094746 -0.0126634 0.207152 -0.0681242 -0.0133765 0.0421588 -0.0372715 -0.09037 -0.220039 -0.305274 0.180622 629 680 733 703 785 1000 0.0279227 -0.0146677 0.0123102 -0.195924 0.10505 -0.103661 -0.021884 1000 904 857 877 740 1000 
0.00504972 -0.00968996 -0.0120109 0.219736 -0.066995 -0.015447 0.0423932 -0.0365886 -0.0980944 -0.234936 -0.31668 0.196701 615 670 725 694 784 1000 0.0321983 -0.014917 0.0145335 -0.219732 0.103286 -0.100069 -0.0163711 1000 904 856 875 740 1000 
0.00545207 -0.00981959 -0.0118117 0.230781 -0.0657414 -0.0180327 0.0429172 -0.0360406 -0.105616 -0.249515 -0.327382 0.212502 589 653 709 679 781 1000 0.0362308 -0.0154836 0.0175543 -0.244365 0.10219 -0.0959361 -0.0109266 1000 902 851 870 741 1000 
0.00587597 -0.00988064 -0.0118875 0.239981 -0.0645031 -0.0209612 0.043675 -0.0358119 -0.113193 -0.264149 -0.337513 0.228402 576 645 701 671 781 987 0.0399741 -0.0162727 0.0212041 -0.2696 0.101917 -0.0910871 -0.00558728 1000 899 848 868 741 1000 
0.0062531 -0.00985429 -0.0120063 0.247404 -0.0635038 -0.0235477 0.0443259 -0.0356683 -0.120219 -0.278651 -0.346636 0.244099 561 638 694 664 781 975 0.0436436 -0.017174 0.0250165 -0.294442 0.102239 -0.0851438 -0.000547237 1000 895 845 866 741 1000 
0.00665283 -0.00989037 -0.0121249 0.253563 -0.0625742 -0.0262005 0.0449462 -0.0356061 -0.127336 -0.293037 -0.35524 0.259807 544 630 685 656 781 961 0.0469515 -0.0182186 0.0289633 -0.319254 0.103234 -0.0782947 0.0040514 1000 891 841 862 741 1000 
0.0070873 -0.00992112 -0.012128 0.258148 -0.0618541 -0.0289311 0.045541 -0.0355702 -0.135087 -0.307231 -0.363777 0.275763 519 619 673 643 781 933 0.0498887 -0.0195674 0.033169 -0.344687 0.105223 -0.0704394 0.00798994 1000 886 833 854 741 1000 
0.0075559 -0.00990362 -0.0119239 0.261336 -0.0613806 -0.031546 0.046114 -0.0355004 -0.143571 -0.321047 -0.372463 0.291925 505 611 664 635 782 915 0.0525367 -0.0212911 0.03771 -0.37095 0.108516 -0.0615871 0.0111258 1000 884 827 850 741 1000 
0.00808528 -0.00982086 -0.0115807 0.263304 -0.0611025 -0.0340502 0.0469527 -0.0355323 -0.153239 -0.334656 -0.381564 0.308839 455 581 640 614 790 875 0.0549144 -0.023415 0.0426759 -0.398421 0.113511 -0.0520004 0.0134342 1000 876 813 840 741 1000 
0.00870076 -0.0096315 -0.0111512 0.264354 -0.0609939 -0.0366104 0.048647 -0.0361204 -0.165044 -0.348975 -0.391266 0.327992 419 557 622 599 797 848 0.0569623 -0.0259471 0.0481185 -0.427635 0.120541 -0.0421557 0.0148823 1000 867 803 833 741 1000 
0.00937329 -0.00922502 -0.0106761 0.264183 -0.0611708 -0.0391596 0.0515683 -0.0377379 -0.180119 -0.365469 -0.401439 0.351529 384 528 594 570 807 797 0.0586513 -0.0289747 0.0541469 -0.45947 0.130262 -0.0326735 0.0150633 1000 842 781 818 743 1000 
0.0100647 -0.00857486 -0.0101105 0.261998 -0.0616946 -0.0414143 0.0553516 -0.0404828 -0.198972 -0.38503 -0.411798 0.380288 377 521 583 555 809 770 0.0601739 -0.0326144 0.0607325 -0.494501 0.143294 -0.024257 0.0133689 1000 824 768 808 744 1000 
0.0107127 -0.00769793 -0.00947295 0.258051 -0.0625302 -0.0426158 0.0589422 -0.0440714 -0.220056 -0.407602 -0.421233 0.412753 372 521 575 532 809 713 0.0622661 -0.0364427 0.0673245 -0.531428 0.159197 -0.0166129 0.00988926 1000 775 736 785 744 1000 
0.0115329 -0.00655192 -0.00818521 0.245169 -0.0638627 -0.0449702 0.0638627 -0.0504554 -0.249237 -0.436988 -0.432257 0.450295 377 534 583 529 809 682 0.0637079 -0.0419107 0.0743805 -0.575288 0.180069 -0.0139457 0.00206228 1000 735 710 769 746 1000 
0.0122265 -0.00485859 -0.00625133 0.223306 -0.0659111 -0.0473375 0.0705933 -0.060053 -0.286374 -0.474747 -0.44295 0.491126 422 582 619 538 817 641 0.0656258 -0.0488375 0.0809707 -0.626362 0.205694 -0.0174242 -0.011797 943 673 672 747 750 1000 
0.012597 -0.00295876 -0.00387611 0.191731 -0.0683305 -0.0494665 0.0794645 -0.072231 -0.329734 -0.51942 -0.451178 0.532924 467 617 649 550 820 623 0.0682615 -0.0567862 0.0862519 -0.68346 0.234592 -0.0272016 -0.0326107 905 650 664 741 752 1000 
0.0125652 -0.00106906 -0.00110091 0.148891 -0.0706847 -0.0515728 0.0905422 -0.0855592 -0.378333 -0.569732 -0.45608 0.574104 604 701 729 593 821 588 0.0712806 -0.0656736 0.0898166 -0.745978 0.265427 -0.0436861 -0.0617998 841 638 684 747 753 1000 
0.012269 0.000719151 0.00198668 0.0923104 -0.0720347 -0.0541094 0.104359 -0.0990214 -0.431655 -0.624541 -0.457557 0.613581 699 752 785 638 822 559 0.0738439 -0.0759284 0.091676 -0.813942 0.297757 -0.0669789 -0.0994069 817 652 711 763 754 1000 
0.0119225 0.00255262 0.00532477 0.0320026 -0.0721675 -0.0558412 0.11903 -0.110621 -0.486378 -0.683039 -0.454519 0.650337 838 827 866 722 823 506 0.07723 -0.0864151 0.0928592 -0.882294 0.330625 -0.0930575 -0.143122 820 698 757 802 764 1000 
0.0117933 0.00347685 0.00886125 -0.0503542 -0.0663866 -0.0595124 0.137736 -0.121117 -0.544966 -0.744458 -0.447667 0.684233 890 860 899 757 822 483 0.0772156 -0.0983463 0.0936653 -0.955308 0.364088 -0.124632 -0.192444 837 726 779 823 770 1000 
0.0117395 0.0040863 0.0123764 -0.138392 -0.0565861 -0.0635856 0.158026 -0.128741 -0.60495 -0.807871 -0.43646 0.715039 930 889 925 787 820 466 0.0758882 -0.110074 0.095482 -1.02758 0.396185 -0.1582 -0.246261 861 758 802 842 774 1000 
0.0116572 0.00451546 0.0155481 -0.22067 -0.0456418 -0.0666693 0.176754 -0.133297 -0.662401 -0.869874 -0.421512 0.742076 965 914 949 815 818 455 0.075003 -0.120633 0.0992498 -1.09291 0.426197 -0.189495 -0.301737 890 793 828 861 777 1000 
0.01176 0.00360319 0.0181631 -0.314547 -0.0279101 -0.0717885 0.196774 -0.135227 -0.718456 -0.929114 -0.40328 0.765729 1000 966 998 875 822 419 0.0699161 -0.131189 0.105487 -1.15354 0.454929 -0.220133 -0.357037 968 873 886 896 779 1000 
0.0119952 0.00202095 0.0203167 -0.41379 -0.00512991 -0.0795259 0.218198 -0.134788 -0.772481 -0.983934 -0.3818 0.785641 1000 984 1000 898 826 395 0.0605199 -0.142 0.113582 -1.20905 0.482422 -0.249252 -0.410404 1000 902 907 908 781 1000 
0.0124153 0.000272064 0.0219624 -0.51443 0.0216685 -0.0901673 0.240829 -0.132419 -0.823949 -1.03297 -0.357601 0.801704 1000 1000 1000 929 828 370 0.0468071 -0.153044 0.122919 -1.25911 0.508696 -0.276024 -0.46054 1000 948 941 931 785 1000 
0.0129232 -0.00101833 0.0229507 -0.607934 0.0485593 -0.102282 0.263361 -0.129013 -0.872013 -1.07565 -0.332029 0.813954 1000 1000 1000 929 828 370 0.0307948 -0.163598 0.132779 -1.30281 0.533362 -0.299569 -0.506522 1000 948 941 931 785 1000 
0.0141107 -0.00197568 0.0232425 -0.704674 0.0810595 -0.11826 0.288834 -0.124173 -0.918483 -1.11256 -0.30593 0.824258 1000 1000 1000 952 831 355 0.00869634 -0.173915 0.143215 -1.3423 0.557045 -0.321436 -0.54831 1000 987 977 959 788 1000 
0.0159427 -0.00163288 0.0226874 -0.796436 0.114963 -0.137242 0.317506 -0.117834 -0.963471 -1.14375 -0.279882 0.833422 1000 1000 1000 956 831 352 -0.0188974 -0.183453 0.153796 -1.37759 0.579574 -0.34161 -0.585871 1000 995 984 965 789 1000 
0.0185681 -1.55266e-05 0.0214315 -0.879288 0.148347 -0.157187 0.348025 -0.110641 -1.00574 -1.16913 -0.25475 0.841221 1000 1000 1000 963 833 356 -0.0500033 -0.19148 0.16401 -1.40817 0.600829 -0.359644 -0.619221 1000 1000 996 975 790 1000 
0.0221851 0.00247976 0.0195336 -0.953003 0.180585 -0.176975 0.379947 -0.102962 -1.04436 -1.18906 -0.230984 0.847265 1000 1000 1000 966 834 362 -0.083797 -0.197695 0.173558 -1.4343 0.621063 -0.375654 -0.648718 1000 1000 1000 978 791 1000 
0.0271609 0.005671 0.0170746 -1.01799 0.211449 -0.196182 0.41403 -0.0947019 -1.07857 -1.2046 -0.208504 0.851203 1000 1000 1000 971 842 371 -0.120513 -0.201668 0.182258 -1.45646 0.640554 -0.389972 -0.674951 1000 1000 1000 985 792 1000 
0.0331455 0.00943935 0.0142803 -1.07368 0.239824 -0.214477 0.449717 -0.0859284 -1.10793 -1.21721 -0.187173 0.853 1000 1000 1000 971 846 375 -0.158991 -0.203103 0.190062 -1.47455 0.659051 -0.402611 -0.698318 1000 1000 1000 990 793 1000 
0.0387617 0.0132733 0.0115211 -1.1194 0.26404 -0.230876 0.483496 -0.0775502 -1.13254 -1.22758 -0.167488 0.852899 1000 1000 1000 971 850 380 -0.195349 -0.202637 0.196903 -1.4879 0.676001 -0.413183 -0.718938 1000 1000 1000 993 794 1000 
0.0458793 0.0172013 0.00901368 -1.15936 0.286761 -0.24688 0.517734 -0.0689618 -1.15191 -1.23759 -0.149058 0.850894 1000 1000 1000 970 856 388 -0.232242 -0.199501 0.203067 -1.49783 0.691218 -0.422474 -0.737485 1000 1000 1000 1000 797 1000 
0.0546349 0.0214177 0.00766596 -1.19491 0.308041 -0.263921 0.553603 -0.059071 -1.16434 -1.24826 -0.130902 0.846314 1000 1000 1000 974 861 398 -0.27131 -0.192991 0.208821 -1.50438 0.704373 -0.430629 -0.754223 1000 1000 1000 1000 801 1000 
0.0637143 0.0254955 0.00727653 -1.2256 0.326969 -0.281659 0.587822 -0.0484125 -1.17003 -1.25864 -0.113212 0.839536 1000 1000 1000 976 863 403 -0.309696 -0.184393 0.214041 -1.50702 0.71551 -0.437302 -0.769013 1000 1000 1000 1000 802 1000 
0.0730081 0.029199 0.0077366 -1.25239 0.344083 -0.300127 0.618773 -0.0372074 -1.16969 -1.26753 -0.0962587 0.831552 1000 1000 1000 976 863 409 -0.346257 -0.174178 0.21865 -1.50578 0.724715 -0.442432 -0.78181 1000 1000 1000 1000 802 1000 
0.0817367 0.0324862 0.00861907 -1.27543 0.359221 -0.318719 0.64562 -0.0261835 -1.16477 -1.2742 -0.0807012 0.823527 1000 1000 1000 976 863 409 -0.379909 -0.163134 0.222605 -1.50109 0.732171 -0.446188 -0.792676 1000 1000 1000 1000 802 1000 
0.0899111 0.0355051 0.00981061 -1.29551 0.372328 -0.336954 0.668221 -0.0157335 -1.15664 -1.27809 -0.0669511 0.816338 1000 1000 1000 975 861 411 -0.410113 -0.151935 0.225896 -1.49374 0.737888 -0.448886 -0.801906 1000 1000 1000 1000 801 1000 
0.0982418 0.0383066 0.0117546 -1.31387 0.384438 -0.35574 0.686761 -0.00482437 -1.14505 -1.2775 -0.0544075 0.81001 1000 1000 1000 977 856 420 -0.437298 -0.139609 0.228524 -1.48346 0.740597 -0.45015 -0.809665 1000 1000 1000 1000 803 1000 
0.107572 0.0406941 0.0147757 -1.33045 0.396641 -0.377052 0.701253 0.0086834 -1.1277 -1.26835 -0.041688 0.803884 1000 1000 1000 980 849 435 -0.462507 -0.123612 0.230557 -1.4679 0.736501 -0.448421 -0.815622 1000 1000 1000 1000 808 1000 
0.116781 0.0427851 0.0177555 -1.34383 0.408266 -0.399532 0.712156 0.0238109 -1.1057 -1.25068 -0.0290779 0.798382 1000 1000 1000 980 844 442 -0.485492 -0.104992 0.232107 -1.44721 0.724184 -0.443466 -0.819611 1000 1000 1000 1000 810 1000 
0.125823 0.0448593 0.0202784 -1.35464 0.419349 -0.422942 0.719334 0.0409251 -1.08004 -1.22362 -0.0162727 0.794214 1000 1000 1000 980 831 464 -0.506378 -0.0841304 0.233178 -1.42175 0.701974 -0.434908 -0.821613 1000 1000 1000 1000 818 1000 
0.134733 0.047005 0.0222882 -1.36337 0.430087 -0.447542 0.722282 0.0611771 -1.05134 -1.1877 -0.00290043 0.791802 1000 1000 1000 981 825 481 -0.525475 -0.0611373 0.233697 -1.39223 0.670011 -0.422548 -0.821735 1000 1000 1000 1000 822 1000 
0.143239 0.0488822 0.0237346 -1.37042 0.440563 -0.472631 0.721473 0.0841164 -1.02083 -1.14446 0.0102553 0.791319 1000 999 1000 983 816 526 -0.543586 -0.0378263 0.234191 -1.36079 0.630024 -0.40767 -0.819713 1000 1000 1000 1000 823 1000 
0.151476 0.0502627 0.0247589 -1.37611 0.450662 -0.497777 0.717272 0.10957 -0.989671 -1.09535 0.0226639 0.792778 1000 997 1000 984 813 550 -0.561139 -0.0158396 0.235185 -1.32959 0.584951 -0.391771 -0.815316 1000 1000 1000 1000 823 1000 
0.159551 0.0511576 0.0253614 -1.38071 0.46014 -0.52279 0.710194 0.137573 -0.959091 -1.04146 0.0340406 0.796422 1000 993 1000 986 809 605 -0.578406 0.00339065 0.237328 -1.30081 0.540395 -0.376715 -0.808492 1000 1000 1000 1000 818 1000 
0.167637 0.051699 0.0254766 -1.38442 0.468867 -0.547155 0.701021 0.167885 -0.930255 -0.983764 0.0442911 0.802661 1000 990 1000 986 808 623 -0.595454 0.018844 0.241324 -1.27614 0.502344 -0.364438 -0.799348 1000 1000 1000 1000 814 1000 
0.175643 0.0522287 0.0249584 -1.38742 0.476588 -0.56902 0.691884 0.196886 -0.904583 -0.922933 0.0521841 0.812005 1000 987 1000 990 804 644 -0.611915 0.0299489 0.247386 -1.25678 0.475531 -0.356591 -0.788221 1000 1000 1000 1000 804 1000 
0.183745 0.0528995 0.0237702 -1.38984 0.483364 -0.586597 0.684408 0.220814 -0.88278 -0.859629 0.0567538 0.824478 1000 987 1000 992 800 649 -0.627388 0.0370362 0.255464 -1.24283 0.461993 -0.35399 -0.775216 1000 1000 1000 1000 798 1000 
0.191714 0.0541501 0.0219927 -1.3918 0.489727 -0.598238 0.680427 0.235669 -0.865269 -0.794568 0.0568923 0.83905 1000 992 1000 995 792 638 -0.641971 0.040878 0.265429 -1.23392 0.4621 -0.357198 -0.760156 1000 1000 1000 1000 787 1000 
0.198313 0.0559108 0.0198624 -1.39338 0.497152 -0.603056 0.682056 0.239038 -0.852218 -0.732126 0.0519897 0.852128 1000 995 1000 996 793 627 -0.656118 0.0425452 0.277072 -1.22964 0.474952 -0.366567 -0.742801 1000 1000 1000 1000 784 1000 
0.203642 0.0579009 0.0175587 -1.39465 0.505286 -0.601701 0.689088 0.232223 -0.842846 -0.679768 0.0429975 0.862689 1000 1000 1000 994 798 598 -0.669287 0.0430418 0.288997 -1.22912 0.498177 -0.381371 -0.72399 1000 1000 1000 1000 779 1000 
0.207945 0.0599076 0.0153406 -1.39568 0.513983 -0.595428 0.700398 0.217907 -0.836378 -0.641514 0.0313314 0.871217 1000 1000 1000 990 800 581 -0.681327 0.0427734 0.299922 -1.23194 0.529643 -0.400635 -0.705226 1000 1000 1000 1000 777 1000 
0.21142 0.0616525 0.0133934 -1.39651 0.521683 -0.588065 0.711912 0.202774 -0.831517 -0.613591 0.0199989 0.878104 1000 1000 1000 990 800 581 -0.690943 0.0427145 0.30842 -1.2356 0.562031 -0.419909 -0.68884 1000 1000 1000 1000 777 1000 
0.214226 0.0635133 0.0119344 -1.39718 0.531499 -0.578846 0.725319 0.185317 -0.828634 -0.598115 0.00806811 0.883665 1000 999 1000 972 811 521 -0.699877 0.0418808 0.314216 -1.24202 0.600296 -0.440912 -0.675201 1000 1000 1000 1000 772 963 
0.216492 0.0662251 0.0117667 -1.39773 0.542731 -0.567223 0.742653 0.16357 -0.828855 -0.598733 -0.00526348 0.888156 1000 999 1000 972 811 521 -0.708068 0.0414949 0.317907 -1.25079 0.64207 -0.464253 -0.664597 1000 1000 1000 1000 765 976 
0.218322 0.0689456 0.0123255 -1.39816 0.553767 -0.555691 0.760007 0.142811 -0.830686 -0.613068 -0.0175435 0.891783 1000 987 1000 959 828 500 -0.713738 0.0421077 0.318661 -1.25891 0.683089 -0.486768 -0.657594 1000 1000 1000 1000 775 960 
0.2198 0.0718341 0.0138722 -1.39727 0.568566 -0.54389 0.779625 0.120495 -0.834831 -0.638825 -0.0296101 0.894712 1000 983 1000 953 831 507 -0.717127 0.044008 0.315902 -1.26529 0.720073 -0.506225 -0.655192 1000 1000 1000 1000 749 978 
0.220993 0.0743686 0.0163077 -1.38706 0.585531 -0.533105 0.798468 0.0999063 -0.838972 -0.673862 -0.0397903 0.897077 994 977 1000 948 834 498 -0.718107 0.0476637 0.309714 -1.26803 0.749571 -0.520535 -0.657676 1000 1000 1000 1000 784 981 
0.221957 0.0764264 0.0195012 -1.36839 0.603356 -0.524108 0.81407 0.0834873 -0.841046 -0.716336 -0.0468092 0.898986 992 976 1000 948 835 498 -0.717307 0.0530205 0.300782 -1.26622 0.76989 -0.529047 -0.664407 1000 1000 1000 1000 787 988 
0.222735 0.0779039 0.0230814 -1.34716 0.619822 -0.517172 0.825565 0.0718458 -0.840951 -0.75979 -0.0508878 0.900529 993 975 1000 949 836 499 -0.715639 0.0589236 0.291033 -1.26137 0.782446 -0.533088 -0.673001 1000 1000 1000 1000 790 998 
0.223363 0.0788869 0.0274292 -1.32174 0.635414 -0.512608 0.832356 0.0663453 -0.837415 -0.804801 -0.0512763 0.901774 997 976 1000 950 833 504 -0.713011 0.0659992 0.279613 -1.25185 0.785033 -0.531238 -0.684509 1000 1000 1000 1000 795 1000 
0.223871 0.07955 0.0322142 -1.29319 0.650584 -0.510624 0.834988 0.0668782 -0.830439 -0.845057 -0.0485269 0.90278 1000 975 1000 951 829 510 -0.710046 0.0739149 0.267009 -1.23823 0.777901 -0.523771 -0.69812 1000 1000 1000 1000 798 1000 
0.22428 0.0798503 0.0368181 -1.26305 0.666403 -0.511204 0.834339 0.0729089 -0.82012 -0.875811 -0.0432183 0.903592 1000 975 1000 953 821 521 -0.707658 0.0821685 0.25407 -1.22136 0.762156 -0.511372 -0.712719 1000 1000 1000 1000 799 1000 
0.224611 0.0797271 0.0408366 -1.23252 0.683723 -0.513698 0.831545 0.0833039 -0.807207 -0.894783 -0.0362485 0.904248 1000 976 1000 954 816 530 -0.7064 0.0901402 0.241782 -1.2025 0.740343 -0.495444 -0.726926 1000 1000 1000 1000 798 1000 
0.224879 0.0792976 0.0441464 -1.20183 0.700169 -0.517392 0.827597 0.0972174 -0.79285 -0.900246 -0.028486 0.904778 1000 977 1000 957 807 558 -0.706293 0.097551 0.230679 -1.18264 0.714678 -0.477223 -0.739704 1000 1000 1000 1000 794 1000 
0.225094 0.0787397 0.0470171 -1.17158 0.713609 -0.521693 0.82293 0.114289 -0.777956 -0.891848 -0.0204358 0.905205 1000 976 1000 958 803 578 -0.707305 0.104255 0.221331 -1.16285 0.68705 -0.458154 -0.750544 1000 1000 1000 1000 794 1000 
0.225269 0.0781277 0.0496303 -1.14379 0.724462 -0.52613 0.817738 0.134136 -0.763035 -0.870829 -0.0127367 0.905551 1000 973 1000 958 796 612 -0.709564 0.109767 0.214425 -1.14463 0.659692 -0.440065 -0.759205 1000 1000 1000 1000 797 1000 
0.22541 0.0776391 0.0521012 -1.12081 0.733226 -0.530499 0.812305 0.155653 -0.74848 -0.839675 -0.00607626 0.90583 1000 971 1000 959 793 630 -0.713064 0.113551 0.210293 -1.12925 0.635057 -0.424546 -0.765655 1000 1000 1000 1000 797 1000 
0.225523 0.0774434 0.0545517 -1.10436 0.740304 -0.534717 0.806941 0.177488 -0.734763 -0.800279 -0.00103929 0.906055 1000 970 1000 959 791 647 -0.717426 0.115405 0.208745 -1.11735 0.61516 -0.412495 -0.769976 1000 1000 1000 1000 796 1000 
0.225615 0.0776082 0.0566963 -1.09307 0.746019 -0.537913 0.803127 0.195903 -0.722897 -0.754286 0.00128423 0.906237 1000 969 1000 961 789 663 -0.721847 0.115991 0.208787 -1.10848 0.599905 -0.403505 -0.772662 1000 1000 1000 1000 793 1000 
0.225689 0.0782816 0.0591902 -1.09039 0.750634 -0.540767 0.799609 0.213197 -0.712215 -0.702907 0.00210634 0.906384 1000 970 1000 964 788 678 -0.726852 0.114652 0.210788 -1.10302 0.591201 -0.398341 -0.773397 1000 1000 1000 1000 790 1000 
0.225749 0.0792694 0.061219 -1.0888 0.754361 -0.542346 0.798147 0.225637 -0.703512 -0.648203 0.000340295 0.906502 1000 970 1000 964 788 678 -0.731007 0.113112 0.212916 -1.09945 0.586586 -0.395314 -0.773171 1000 1000 1000 1000 790 1000 
0.225797 0.0811126 0.0636592 -1.10223 0.757371 -0.541792 0.798422 0.23519 -0.695154 -0.591245 -0.00250589 0.906598 1000 972 1000 973 789 694 -0.736954 0.109626 0.217843 -1.09923 0.590262 -0.396945 -0.77026 1000 1000 1000 1000 780 1000 
0.225836 0.0835293 0.0660554 -1.12294 0.759802 -0.539367 0.800676 0.241228 -0.687254 -0.538161 -0.00602583 0.906675 1000 972 1000 972 788 680 -0.743403 0.105368 0.224223 -1.10106 0.600399 -0.401906 -0.765274 1000 1000 1000 1000 806 982 
0.225868 0.0864325 0.0681814 -1.15313 0.761765 -0.534513 0.805853 0.241434 -0.679327 -0.493443 -0.0106095 0.906738 1000 971 1000 968 787 654 -0.750017 0.101406 0.231801 -1.10441 0.617121 -0.410619 -0.757626 1000 1000 1000 1000 777 999 
0.225893 0.0900692 0.0698426 -1.18367 0.76335 -0.525791 0.815397 0.232427 -0.670407 -0.465695 -0.0164862 0.906788 1000 965 1000 950 790 581 -0.75653 0.0982628 0.239429 -1.10821 0.63956 -0.421574 -0.747523 1000 1000 1000 1000 773 981 
0.225914 0.0938219 0.0707806 -1.21234 0.76463 -0.51501 0.827532 0.21727 -0.66025 -0.455459 -0.0225828 0.906829 1000 961 1000 941 794 557 -0.762419 0.0964011 0.245908 -1.11188 0.665845 -0.433156 -0.736366 1000 1000 1000 1000 772 975 
0.22593 0.0972363 0.071223 -1.23648 0.765663 -0.504511 0.839647 0.201164 -0.6501 -0.455935 -0.0277291 0.906862 1000 957 994 933 798 534 -0.76725 0.0958033 0.250914 -1.11501 0.691339 -0.443995 -0.72598 1000 1000 1000 1000 771 971 
0.225944 0.100233 0.0711037 -1.25412 0.766498 -0.493988 0.851949 0.184278 -0.639306 -0.469362 -0.0310891 0.906889 1000 953 985 925 803 506 -0.770715 0.0971026 0.254123 -1.11727 0.716221 -0.454331 -0.716498 1000 1000 1000 1000 773 973 
0.225955 0.102731 0.0708813 -1.26363 0.767172 -0.48487 0.862376 0.170178 -0.628577 -0.489681 -0.0320451 0.90691 1000 952 986 925 805 514 -0.772535 0.100062 0.255269 -1.11823 0.737864 -0.463256 -0.708948 1000 1000 1000 1000 775 976 
0.225963 0.104584 0.0710025 -1.26437 0.767716 -0.478216 0.869335 0.161648 -0.618772 -0.509941 -0.0309169 0.906927 1000 954 991 930 804 546 -0.772579 0.104452 0.254289 -1.11735 0.753745 -0.469913 -0.704027 1000 1000 999 1000 780 990 
0.22597 0.105636 0.0713784 -1.25798 0.768156 -0.47386 0.873125 0.15835 -0.610501 -0.525908 -0.0287597 0.906941 1000 955 993 932 801 563 -0.771307 0.109624 0.251945 -1.11479 0.763449 -0.474251 -0.70131 1000 1000 997 1000 783 999 
0.225976 0.10575 0.0719751 -1.24189 0.768511 -0.471942 0.87344 0.161461 -0.60406 -0.533939 -0.025901 0.906953 1000 955 996 934 797 586 -0.768501 0.116048 0.248134 -1.10938 0.764923 -0.47562 -0.700632 1000 1000 995 1000 786 1000 
0.225981 0.104922 0.0730634 -1.21245 0.768797 -0.473063 0.86923 0.173239 -0.599719 -0.529849 -0.0226259 0.906962 1000 954 999 936 792 629 -0.763102 0.12505 0.242082 -1.09899 0.75528 -0.4722 -0.701543 1000 1000 993 1000 791 1000 
0.225984 0.103841 0.0743331 -1.18224 0.769029 -0.47522 0.862857 0.189183 -0.597675 -0.51593 -0.0204182 0.906969 1000 953 1000 937 791 653 -0.757622 0.134905 0.235721 -1.08565 0.736746 -0.465647 -0.702781 1000 1000 993 1000 794 1000 
0.225987 0.102758 0.0755103 -1.15492 0.769216 -0.476829 0.856118 0.205752 -0.597871 -0.493588 -0.0204041 0.906975 1000 952 1000 939 791 675 -0.753835 0.14395 0.230607 -1.07115 0.709935 -0.457489 -0.7035 1000 1000 993 1000 797 1000 
0.22599 0.101518 0.0768757 -1.12911 0.769367 -0.478615 0.848296 0.22325 -0.599017 -0.463459 -0.0219324 0.90698 1000 950 1000 940 791 696 -0.750296 0.152726 0.226014 -1.0557 0.676103 -0.447474 -0.703637 1000 1000 995 1000 802 1000 
0.225992 0.10026 0.078592 -1.10859 0.769489 -0.480786 0.839115 0.241618 -0.600276 -0.427933 -0.024509 0.906984 1000 950 1000 954 788 748 -0.747507 0.160873 0.222007 -1.04042 0.637941 -0.436302 -0.703411 1000 1000 1000 1000 823 1000 
0.225993 0.0994575 0.080953 -1.09615 0.769587 -0.482813 0.828963 0.260003 -0.60137 -0.385602 -0.028661 0.906987 1000 950 1000 954 788 748 -0.746719 0.167402 0.21939 -1.02616 0.5965 -0.424378 -0.702568 1000 1000 1000 1000 823 1000 
0.225995 0.0994933 0.0838452 -1.0949 0.769666 -0.48276 0.821131 0.272329 -0.60198 -0.34202 -0.0352928 0.906989 1000 958 1000 963 787 746 -0.749129 0.170238 0.220393 -1.0155 0.559995 -0.41471 -0.699916 1000 1000 1000 1000 808 1000 
0.225996 0.100114 0.0868725 -1.10321 0.769731 -0.479925 0.817074 0.275135 -0.601049 -0.304702 -0.0445921 0.906991 1000 959 1000 963 782 720 -0.753974 0.168993 0.225534 -1.00943 0.534429 -0.409248 -0.694866 1000 1000 1000 1000 799 1000 
0.225997 0.100827 0.0894886 -1.1131 0.769783 -0.476081 0.815746 0.271304 -0.597921 -0.274568 -0.0555184 0.906993 1000 959 1000 963 782 720 -0.758423 0.166134 0.231905 -1.00646 0.518633 -0.406805 -0.688772 1000 1000 1000 1000 799 1000 
0.225997 0.101709 0.0913817 -1.13005 0.769824 -0.46993 0.818694 0.259589 -0.593504 -0.258579 -0.0676033 0.906994 1000 953 1000 949 779 623 -0.764284 0.160989 0.240936 -1.00742 0.515245 -0.409247 -0.6808 1000 1000 1000 1000 784 1000 
0.225998 0.102788 0.0927283 -1.1492 0.769858 -0.462394 0.824594 0.242676 -0.588375 -0.256136 -0.0796764 0.906995 1000 950 993 942 780 588 -0.770611 0.154338 0.251602 -1.01135 0.522502 -0.415883 -0.671373 1000 1000 1000 1000 779 1000 
0.225998 0.104184 0.0936797 -1.1708 0.769885 -0.453282 0.833732 0.219586 -0.582491 -0.266901 -0.0910999 0.906996 992 944 976 924 782 557 -0.778015 0.145764 0.264558 -1.01911 0.540784 -0.428579 -0.659159 1000 1000 1000 1000 815 963 
0.225999 0.106066 0.0940987 -1.19207 0.769908 -0.442027 0.845879 0.188651 -0.577172 -0.289832 -0.102955 0.906997 975 939 975 931 800 510 -0.786882 0.134646 0.279807 -1.03157 0.569784 -0.448814 -0.642835 1000 1000 1000 1000 763 934 
0.225999 0.108096 0.0946857 -1.21035 0.769925 -0.430797 0.857901 0.155765 -0.572104 -0.325572 -0.113635 0.906998 970 938 972 931 806 506 -0.794917 0.122743 0.293495 -1.04788 0.610425 -0.474772 -0.624359 1000 1000 1000 1000 760 915 
0.225999 0.109985 0.0956507 -1.22477 0.76994 -0.421723 0.867497 0.128252 -0.567498 -0.365629 -0.121115 0.906998 967 937 971 930 810 503 -0.801048 0.1123 0.303617 -1.06428 0.654243 -0.500342 -0.607874 1000 1000 1000 1000 758 899 
0.225999 0.111621 0.097094 -1.23472 0.769951 -0.415512 0.873869 0.108404 -0.563292 -0.412153 -0.124535 0.906998 964 937 970 929 812 500 -0.80468 0.103954 0.309536 -1.08012 0.70274 -0.524836 -0.594537 1000 1000 998 1000 763 887 
0.225999 0.113243 0.0995048 -1.23877 0.769961 -0.412773 0.876553 0.097371 -0.560233 -0.460208 -0.124218 0.906999 965 936 971 929 808 512 -0.806202 0.0972643 0.311991 -1.09474 0.753003 -0.547364 -0.585145 1000 1000 999 1000 760 894 
0.225999 0.114635 0.102157 -1.2388 0.769968 -0.412769 0.876258 0.0935619 -0.558231 -0.503171 -0.121578 0.906999 970 937 974 931 805 524 -0.805658 0.0923834 0.311682 -1.10646 0.799216 -0.56616 -0.579581 1000 1000 1000 1000 761 901 
0.226 0.115365 0.104715 -1.23382 0.769974 -0.415017 0.87288 0.0969691 -0.557295 -0.538419 -0.116896 0.906999 977 939 977 933 802 537 -0.802952 0.0895463 0.30862 -1.11425 0.839781 -0.580515 -0.578343 1000 1000 1000 1000 762 908 
0.226 0.115687 0.106948 -1.22616 0.769979 -0.4181 0.867776 0.104773 -0.557608 -0.566598 -0.111159 0.906999 984 941 981 936 798 553 -0.799311 0.0883486 0.304021 -1.11825 0.874635 -0.590878 -0.580997 1000 1000 1000 1000 763 917 
0.226 0.11553 0.108767 -1.21173 0.769983 -0.4216 0.861581 0.115428 -0.55868 -0.58665 -0.105064 0.906999 993 944 986 939 794 574 -0.794622 0.0885636 0.297838 -1.11848 0.902107 -0.596546 -0.586352 1000 1000 1000 1000 765 928 
0.226 0.114565 0.110091 -1.1958 0.769987 -0.425724 0.85361 0.130096 -0.5607 -0.595619 -0.0986411 0.907 999 945 990 941 791 591 -0.788982 0.0904567 0.290202 -1.11448 0.921486 -0.597612 -0.594336 1000 1000 1000 1000 766 935 
0.226 0.112562 0.110843 -1.17516 0.769989 -0.430283 0.8438 0.14937 -0.563864 -0.590537 -0.0926617 0.907 1000 944 995 944 785 637 -0.781913 0.0945178 0.280611 -1.10508 0.930466 -0.592868 -0.604687 1000 1000 1000 1000 769 966 
0.226 0.109582 0.110988 -1.1534 0.769991 -0.434413 0.833393 0.170617 -0.568442 -0.573864 -0.0878421 0.907 1000 944 997 945 783 648 -0.774468 0.0999621 0.27052 -1.09176 0.930078 -0.58403 -0.616333 1000 1000 1000 1000 772 977 
0.226 0.10627 0.110633 -1.13083 0.769993 -0.437357 0.823898 0.190895 -0.574049 -0.55042 -0.08469 0.907 1000 944 998 947 781 659 -0.767534 0.105712 0.261092 -1.07688 0.92263 -0.573105 -0.628306 1000 1000 1000 1000 777 992 
0.226 0.102935 0.109853 -1.10929 0.769994 -0.438759 0.816107 0.208432 -0.580104 -0.524159 -0.0832753 0.907 1000 944 1000 949 780 666 -0.761647 0.111067 0.253115 -1.06228 0.910625 -0.561801 -0.639955 1000 1000 1000 1000 781 1000 
0.226 0.0996106 0.108674 -1.08893 0.769995 -0.438263 0.810406 0.222321 -0.58654 -0.496012 -0.0839482 0.907 1000 944 1000 949 780 666 -0.756944 0.115618 0.246938 -1.04854 0.894456 -0.550619 -0.651463 1000 1000 1000 1000 783 1000 
0.226 0.0964047 0.107295 -1.07033 0.769996 -0.436123 0.807025 0.231342 -0.592642 -0.469768 -0.0865588 0.907 1000 945 1000 949 779 652 -0.753442 0.118566 0.242943 -1.03702 0.876936 -0.540811 -0.662359 1000 1000 1000 1000 783 1000 
0.226 0.0933642 0.105911 -1.05406 0.769997 -0.433052 0.805511 0.235942 -0.597874 -0.448237 -0.0902586 0.907 1000 945 998 948 779 637 -0.750862 0.119863 0.240825 -1.02825 0.860909 -0.53299 -0.672114 1000 1000 1000 1000 781 1000 
0.226 0.0903187 0.104605 -1.04031 0.769998 -0.428632 0.806379 0.234518 -0.60216 -0.435003 -0.0951759 0.907 1000 945 995 946 780 609 -0.749314 0.118576 0.241079 -1.02297 0.848727 -0.527985 -0.680537 1000 1000 1000 1000 776 991 
0.226 0.0874475 0.103526 -1.02911 0.769998 -0.423719 0.808527 0.229267 -0.605506 -0.429351 -0.100334 0.907 1000 944 993 945 782 596 -0.748316 0.115555 0.242883 -1.02028 0.840942 -0.525341 -0.687233 1000 1000 1000 1000 774 982 
0.226 0.084639 0.102905 -1.01989 0.769998 -0.418945 0.81114 0.221152 -0.607916 -0.431638 -0.105374 0.907 993 941 990 942 786 576 -0.747028 0.111048 0.245926 -1.01976 0.837984 -0.524936 -0.69207 1000 1000 998 1000 767 964 
0.226 0.0817471 0.102695 -1.01214 0.769999 -0.415053 0.813105 0.212949 -0.61 -0.438937 -0.109646 0.907 992 939 988 940 788 575 -0.744868 0.105992 0.249061 -1.02046 0.838606 -0.525822 -0.695448 1000 1000 993 1000 765 959 
0.226 0.0788019 0.102995 -1.00541 0.769999 -0.412465 0.813377 0.207253 -0.61259 -0.447357 -0.112875 0.907 994 938 987 940 789 592 -0.741451 0.101285 0.251262 -1.02155 0.8409 -0.526962 -0.698138 1000 1000 991 1000 766 962 
0.226 0.0759685 0.103611 -0.999442 0.769999 -0.411106 0.811915 0.204725 -0.615717 -0.453865 -0.115211 0.907 1000 938 988 940 788 606 -0.737094 0.0976213 0.252191 -1.02217 0.842729 -0.527543 -0.700585 1000 1000 991 1000 760 968 
0.226 0.0731044 0.104568 -0.993846 0.769999 -0.411024 0.808153 0.206209 -0.619736 -0.456012 -0.116804 0.907 998 937 989 940 787 621 -0.731504 0.095401 0.251502 -1.02146 0.841982 -0.526793 -0.703027 1000 1000 991 1000 769 976 
0.226 0.0702791 0.105865 -0.989415 0.769999 -0.411952 0.802314 0.21127 -0.624517 -0.452551 -0.117875 0.907 1000 937 990 942 786 638 -0.72541 0.0940744 0.249927 -1.01981 0.838971 -0.525075 -0.705314 1000 1000 992 1000 771 986 
0.226 0.0674251 0.107393 -0.985111 0.77 -0.413383 0.794808 0.21891 -0.629562 -0.442972 -0.118562 0.907 1000 940 996 947 784 670 -0.718615 0.0938144 0.247528 -1.01681 0.832722 -0.521876 -0.707494 1000 1000 995 1000 776 1000 
0.226 0.0646256 0.109097 -0.981443 0.769959 -0.414851 0.786359 0.227625 -0.634613 -0.428432 -0.11915 0.907 1000 942 1000 951 783 678 -0.711486 0.0945392 0.244666 -1.01269 0.82324 -0.517455 -0.709443 1000 1000 1000 1000 778 1000 
0.226 0.061515 0.110999 -0.977986 0.768419 -0.415745 0.777097 0.235639 -0.639114 -0.409566 -0.119633 0.907 1000 947 1000 961 782 680 -0.703855 0.0961863 0.241659 -1.00717 0.809456 -0.511779 -0.710746 1000 1000 1000 1000 779 1000 
0.226 0.0581884 0.113021 -0.975609 0.762908 -0.415417 0.76825 0.240192 -0.642681 -0.389837 -0.120264 0.907 1000 949 1000 961 779 668 -0.696959 0.0967286 0.23978 -1.00163 0.795363 -0.505058 -0.71118 1000 1000 1000 1000 777 1000 
0.226 0.0549667 0.115077 -0.974169 0.753443 -0.413802 0.761546 0.239426 -0.645261 -0.374482 -0.121681 0.907 1000 949 1000 959 776 653 -0.691251 0.0959889 0.239897 -0.996982 0.783095 -0.498821 -0.710264 1000 1000 1000 1000 776 1000 
0.226 0.0520889 0.116934 -0.973716 0.742606 -0.411777 0.756924 0.235295 -0.646899 -0.36487 -0.123543 0.907 1000 947 1000 956 775 635 -0.686703 0.0943852 0.241426 -0.993595 0.773785 -0.493984 -0.708429 1000 1000 1000 1000 774 1000 
0.226 0.0494496 0.118709 -0.974846 0.728488 -0.40928 0.754761 0.226611 -0.647257 -0.36424 -0.125909 0.907 999 942 995 949 777 597 -0.683163 0.0913178 0.245016 -0.99197 0.768868 -0.491287 -0.705067 1000 1000 1000 1000 768 997 
0.226 0.0470432 0.120528 -0.977612 0.711232 -0.406623 0.754601 0.214877 -0.646482 -0.373122 -0.128093 0.907 993 940 990 946 780 577 -0.68031 0.0868622 0.250161 -0.992192 0.769055 -0.491004 -0.700396 1000 1000 1000 1000 765 988 
0.226 0.0448542 0.122312 -0.981324 0.692791 -0.40411 0.755335 0.202882 -0.645318 -0.387282 -0.129629 0.907 986 937 985 942 783 555 -0.677875 0.0818359 0.255792 -0.993533 0.772717 -0.492395 -0.695231 1000 1000 1000 1000 761 976 
0.226 0.0426922 0.124666 -0.987778 0.66884 -0.401677 0.75623 0.191034 -0.644545 -0.408473 -0.13029 0.907 981 934 982 939 786 543 -0.675329 0.0752054 0.262703 -0.996497 0.781812 -0.496605 -0.688677 1000 1000 998 1000 756 962 
0.226 0.0406689 0.127299 -0.994824 0.643878 -0.400018 0.755622 0.182437 -0.644686 -0.431223 -0.129782 0.907 979 933 981 939 786 560 -0.6719 0.0683231 0.269008 -1.00017 0.793655 -0.502145 -0.681968 1000 1000 991 1000 754 958 
0.225946 0.0386981 0.1305 -1.00244 0.614768 -0.399209 0.752312 0.178751 -0.646869 -0.450444 -0.128629 0.907 977 932 980 937 783 589 -0.667235 0.0613479 0.274354 -1.00394 0.806687 -0.508191 -0.675486 1000 1000 988 1000 755 961 
0.225505 0.0368963 0.133825 -1.00928 0.585061 -0.398974 0.747224 0.179029 -0.650639 -0.464198 -0.127222 0.907 974 930 978 935 781 604 -0.661865 0.0552307 0.278301 -1.00709 0.818621 -0.513545 -0.669767 1000 1000 988 1000 755 964 
0.224005 0.0352321 0.137185 -1.01501 0.555418 -0.399161 0.740772 0.182925 -0.656305 -0.471453 -0.125797 0.907 971 926 976 934 779 620 -0.655961 0.050475 0.280643 -1.00928 0.828362 -0.517636 -0.664843 1000 1000 988 1000 755 968 
0.221501 0.033666 0.140534 -1.01962 0.525288 -0.399417 0.733162 0.189503 -0.663695 -0.471599 -0.124535 0.907 960 915 971 933 776 654 -0.649717 0.0471007 0.281487 -1.01009 0.834896 -0.519998 -0.660466 1000 1000 988 1000 756 979 
0.218656 0.0322997 0.143714 -1.02327 0.497024 -0.399342 0.725314 0.196654 -0.672068 -0.466287 -0.1237 0.907 960 915 971 933 776 654 -0.643808 0.0448036 0.281471 -1.00981 0.838259 -0.520853 -0.656358 1000 1000 988 1000 756 979 
0.215632 0.0311454 0.146506 -1.02574 0.470872 -0.3987 0.71792 0.202887 -0.680532 -0.45756 -0.123223 0.907 951 907 967 934 774 670 -0.638524 0.0432143 0.281106 -1.00882 0.838919 -0.520553 -0.652292 1000 1000 988 1000 757 986 
0.212051 0.0300892 0.148985 -1.02682 0.444822 -0.397331 0.710827 0.207269 -0.688307 -0.446919 -0.122728 0.907 911 879 953 934 772 693 -0.63338 0.0422215 0.28052 -1.00695 0.836896 -0.518997 -0.64796 1000 995 987 1000 759 1000 
0.207353 0.0289257 0.151326 -1.02569 0.416694 -0.394883 0.703566 0.208179 -0.694517 -0.436239 -0.121615 0.907 854 842 929 916 771 690 -0.627682 0.041576 0.279852 -1.00369 0.831602 -0.515832 -0.642718 1000 985 981 1000 760 1000 
0.202294 0.027672 0.153176 -1.02212 0.38985 -0.391409 0.697232 0.20471 -0.698742 -0.428191 -0.12005 0.907 825 825 919 906 769 678 -0.622161 0.0406685 0.279854 -0.999961 0.824089 -0.512138 -0.63624 1000 981 978 1000 760 1000 
0.196903 0.0262897 0.154605 -1.01616 0.364765 -0.387225 0.692168 0.196226 -0.700446 -0.425101 -0.118472 0.906707 771 793 901 886 765 629 -0.616832 0.0389102 0.280804 -0.996184 0.815245 -0.508599 -0.628235 1000 976 975 1000 758 1000 
0.191104 0.0247205 0.155718 -1.00787 0.341664 -0.382679 0.68861 0.182848 -0.699361 -0.428584 -0.11747 0.903727 754 782 894 879 765 606 -0.61157 0.0357332 0.282738 -0.99267 0.805968 -0.50564 -0.618654 1000 974 974 1000 757 1000 
0.18508 0.0229523 0.156558 -0.998202 0.321477 -0.378231 0.686631 0.166316 -0.695732 -0.438764 -0.117395 0.896158 735 768 878 868 769 559 -0.606416 0.0311165 0.285403 -0.989951 0.797162 -0.503543 -0.60792 1000 964 967 998 755 1000 
0.178809 0.0210199 0.157247 -0.987555 0.304364 -0.373912 0.686013 0.148165 -0.690153 -0.455017 -0.118512 0.883151 733 763 867 862 771 538 -0.601282 0.0251232 0.2885 -0.988137 0.789523 -0.502362 -0.596402 1000 956 961 994 753 1000 
0.172211 0.0190057 0.157927 -0.976537 0.290155 -0.369773 0.686087 0.129626 -0.683221 -0.476275 -0.12102 0.863762 734 755 841 845 777 501 -0.596034 0.0178283 0.291768 -0.986882 0.783535 -0.502009 -0.584048 1000 929 943 983 750 1000 
0.165196 0.0169564 0.158628 -0.965416 0.27833 -0.365452 0.686086 0.111402 -0.675348 -0.501055 -0.125022 0.836649 736 753 831 837 779 489 -0.590441 0.00935692 0.295135 -0.985532 0.779418 -0.502263 -0.570305 1000 916 934 978 749 1000 
0.158555 0.0150678 0.159313 -0.955168 0.268556 -0.361424 0.685664 0.0953781 -0.667635 -0.525152 -0.129515 0.80605 738 751 822 829 781 484 -0.584938 0.00106377 0.298204 -0.984004 0.776594 -0.502702 -0.556428 1000 907 927 975 748 1000 
0.15089 0.0133774 0.159741 -0.942894 0.259961 -0.356012 0.68296 0.0796357 -0.658017 -0.549109 -0.135147 0.767276 732 742 803 820 781 514 -0.578451 -0.00845901 0.30144 -0.981464 0.775348 -0.503038 -0.540111 1000 894 921 972 747 1000 
0.14346 0.0118356 0.160081 -0.930268 0.252658 -0.350468 0.678987 0.0652858 -0.647819 -0.57054 -0.141267 0.72505 714 731 797 824 780 541 -0.571788 -0.0181958 0.304412 -0.978728 0.774995 -0.503308 -0.523255 1000 892 919 969 747 1000 
0.136609 0.0104176 0.16049 -0.917884 0.246429 -0.345772 0.674691 0.0531874 -0.638124 -0.589099 -0.147992 0.678212 714 731 797 824 780 541 -0.56514 -0.0278274 0.306811 -0.976348 0.775152 -0.503609 -0.506164 1000 892 919 969 747 1000 
0.129418 0.00926944 0.161132 -0.902908 0.240245 -0.341744 0.669358 0.0437835 -0.629294 -0.603678 -0.155248 0.626151 668 689 780 830 774 609 -0.557851 -0.0378446 0.308672 -0.974068 0.7759 -0.503704 -0.488531 1000 886 901 960 746 1000 
0.122328 0.00825793 0.162064 -0.885681 0.234051 -0.338205 0.663077 0.0372197 -0.621729 -0.613397 -0.16242 0.56993 659 677 774 830 772 620 -0.549759 -0.048098 0.310017 -0.97183 0.777199 -0.503518 -0.470463 1000 884 892 957 745 1000 
0.116328 0.00732917 0.163097 -0.870225 0.228711 -0.335642 0.657624 0.0333076 -0.616369 -0.619489 -0.168542 0.515056 659 677 774 830 772 620 -0.542247 -0.0572297 0.310807 -0.970126 0.77845 -0.50329 -0.453804 1000 884 892 957 745 1000 
0.111278 0.0065066 0.164211 -0.856082 0.22409 -0.33417 0.653555 0.0327477 -0.614345 -0.621836 -0.173176 0.457673 658 670 766 827 765 644 -0.535307 -0.0653472 0.310879 -0.969206 0.779409 -0.503035 -0.437968 1000 878 878 953 744 1000 
0.105227 0.0061879 0.165264 -0.830516 0.217682 -0.331111 0.647886 0.0339557 -0.613774 -0.620144 -0.175368 0.39779 667 681 769 825 762 668 -0.526627 -0.0745325 0.310786 -0.967253 0.780635 -0.502084 -0.421917 1000 874 873 952 744 1000 
0.0992575 0.00596354 0.166439 -0.799491 0.21035 -0.326891 0.641389 0.0359895 -0.614943 -0.615574 -0.175099 0.337844 663 685 770 823 764 671 -0.516716 -0.0842994 0.310517 -0.964555 0.781877 -0.500825 -0.40622 1000 871 868 949 744 1000 
0.0937237 0.00574259 0.167541 -0.765912 0.202491 -0.322247 0.635148 0.0384409 -0.618195 -0.609862 -0.172813 0.280927 662 684 770 823 765 665 -0.506362 -0.0938178 0.310095 -0.961629 0.782824 -0.499662 -0.391397 1000 869 865 947 744 1000 
0.0884295 0.00563349 0.168342 -0.729389 0.193586 -0.316987 0.629097 0.0410499 -0.623212 -0.604228 -0.168872 0.229253 667 683 770 825 765 656 -0.495459 -0.103058 0.309642 -0.958331 0.783333 -0.498677 -0.377466 1000 864 856 942 744 1000 
0.0834335 0.00556502 0.168831 -0.692087 0.184146 -0.311166 0.623043 0.043767 -0.629621 -0.599036 -0.16383 0.18389 669 685 771 825 765 658 -0.484266 -0.111949 0.309146 -0.954698 0.783378 -0.497901 -0.364531 1000 863 853 941 743 1000 
0.0787799 0.00547381 0.169041 -0.655625 0.174846 -0.304963 0.616829 0.0465605 -0.636968 -0.594168 -0.1583 0.14502 672 688 772 825 764 662 -0.473139 -0.120462 0.308565 -0.95092 0.7831 -0.497301 -0.352777 1000 862 852 940 743 1000 
0.0744278 0.00538827 0.169154 -0.621228 0.166079 -0.298667 0.61043 0.0494537 -0.644662 -0.589359 -0.152509 0.112188 674 692 774 827 763 674 -0.462345 -0.128508 0.307844 -0.947205 0.78273 -0.496734 -0.342331 1000 861 852 939 743 1000 
0.0698049 0.00536892 0.169192 -0.585745 0.156959 -0.291815 0.602571 0.0525903 -0.651932 -0.58371 -0.146577 0.0850879 676 693 774 830 761 691 -0.450464 -0.13686 0.306896 -0.943 0.782803 -0.49552 -0.332994 1000 861 851 938 743 1000 
0.0653703 0.00534336 0.169251 -0.553249 0.148474 -0.284726 0.593764 0.055639 -0.658632 -0.577085 -0.140772 0.0629738 677 693 776 832 760 700 -0.43808 -0.145025 0.305896 -0.938761 0.783391 -0.493859 -0.324733 1000 861 850 937 743 1000 
0.061464 0.00528321 0.169353 -0.525199 0.141097 -0.277867 0.585012 0.0582215 -0.664749 -0.569807 -0.135272 0.0449248 678 695 778 836 759 721 -0.426204 -0.152438 0.304942 -0.934927 0.784319 -0.492098 -0.317541 1000 864 851 938 743 1000 
0.0572663 0.00539389 0.16938 -0.497969 0.133629 -0.270682 0.575087 0.0604119 -0.669573 -0.561316 -0.129829 0.0298384 678 695 779 837 759 729 -0.413303 -0.159724 0.303884 -0.930546 0.785428 -0.48972 -0.310909 1000 866 851 939 742 1000 
0.0532254 0.00552522 0.169378 -0.473398 0.126532 -0.263516 0.564539 0.0621909 -0.673089 -0.551722 -0.124267 0.0171885 677 695 779 838 758 739 -0.399948 -0.166652 0.3027 -0.925984 0.786588 -0.487039 -0.304942 1000 868 852 940 742 1000 
0.0497215 0.0056101 0.169457 -0.452484 0.120341 -0.256998 0.554597 0.0634093 -0.675832 -0.541727 -0.118822 0.00676335 676 695 778 838 758 745 -0.387421 -0.172864 0.301525 -0.921897 0.787741 -0.484524 -0.299825 1000 870 852 940 742 1000 
0.0458361 0.00598454 0.169522 -0.432517 0.113685 -0.250215 0.543889 0.0640108 -0.677191 -0.531304 -0.11312 -0.00170707 676 696 777 841 755 760 -0.373668 -0.179246 0.300121 -0.917215 0.788992 -0.481484 -0.295292 1000 874 853 940 741 1000 
0.0422826 0.00631161 0.169612 -0.415265 0.107686 -0.24366 0.533367 0.06388 -0.677648 -0.520952 -0.107513 -0.0083069 676 696 777 841 755 760 -0.35998 -0.185224 0.298692 -0.912447 0.790508 -0.478383 -0.291378 1000 874 853 940 741 1000 
0.0389773 0.00674358 0.169565 -0.400225 0.102147 -0.237464 0.523684 0.0630364 -0.677471 -0.511083 -0.102194 -0.0133105 682 700 777 841 754 762 -0.346992 -0.190483 0.297338 -0.907687 0.792205 -0.475516 -0.287912 1000 881 858 941 740 1000 
0.035817 0.00726017 0.169222 -0.386651 0.0969282 -0.231341 0.51464 0.0615984 -0.676582 -0.501818 -0.0971282 -0.016974 682 700 777 841 754 762 -0.334377 -0.19497 0.295961 -0.902518 0.793853 -0.472861 -0.284625 1000 881 858 941 740 1000 
0.032699 0.00768556 0.169152 -0.374676 0.0917705 -0.225728 0.504288 0.0628207 -0.674791 -0.486808 -0.0922551 -0.0202284 687 706 778 841 754 765 -0.322063 -0.198768 0.29423 -0.896593 0.79508 -0.469844 -0.281327 1000 888 862 942 739 1000 
0.0296831 0.00843857 0.168008 -0.363476 0.0863974 -0.219123 0.495459 0.0602523 -0.672365 -0.47567 -0.0874936 -0.0223188 690 713 780 841 755 772 -0.309159 -0.202119 0.292335 -0.889747 0.796036 -0.467232 -0.278084 1000 893 864 943 738 1000 
0.0269482 0.00908929 0.166772 -0.353853 0.0814013 -0.212489 0.487069 0.056701 -0.669819 -0.46747 -0.0830354 -0.0231801 690 713 780 841 755 772 -0.296876 -0.204954 0.290257 -0.882641 0.79668 -0.465009 -0.275215 1000 893 864 943 738 1000 
0.0240332 0.00999257 0.164936 -0.344403 0.0757126 -0.205129 0.477832 0.0530989 -0.666693 -0.461061 -0.0785362 -0.0231154 701 726 784 842 757 782 -0.284102 -0.207324 0.287607 -0.874251 0.796779 -0.462506 -0.272501 1000 897 866 941 736 1000 
0.0211233 0.0108632 0.162821 -0.335584 0.0700861 -0.197373 0.467747 0.0498256 -0.663025 -0.455836 -0.0740237 -0.0220751 704 730 785 842 757 784 -0.27096 -0.20897 0.28434 -0.864452 0.796193 -0.459731 -0.269843 1000 900 868 941 736 1000 
0.0182725 0.0116661 0.160788 -0.327241 0.0648756 -0.189834 0.457152 0.0470663 -0.658931 -0.451398 -0.0696198 -0.0198052 710 740 789 841 757 788 -0.257774 -0.209809 0.280506 -0.853596 0.794723 -0.456858 -0.267282 1000 908 874 942 736 1000 
0.0155071 0.0124245 0.159081 -0.319581 0.0601245 -0.182633 0.445954 0.0448215 -0.654411 -0.44742 -0.0654123 -0.0161162 713 746 791 841 757 792 -0.244564 -0.209998 0.276111 -0.841917 0.792202 -0.453948 -0.264926 1000 911 877 943 736 1000 
0.0127309 0.0132321 0.157705 -0.312343 0.0555572 -0.175554 0.433878 0.0429569 -0.649329 -0.443577 -0.0615617 -0.0109056 723 759 799 843 758 807 -0.231243 -0.209736 0.271176 -0.829396 0.788617 -0.450967 -0.262859 1000 915 882 945 736 1000 
0.00998718 0.0140804 0.156502 -0.305536 0.051056 -0.168575 0.421328 0.0412382 -0.643661 -0.439709 -0.05829 -0.00444647 729 764 803 844 758 817 -0.218291 -0.209136 0.266032 -0.816248 0.784427 -0.448076 -0.260994 1000 916 883 945 735 1000 
0.00723052 0.014957 0.155308 -0.299139 0.0465578 -0.16173 0.408716 0.0394788 -0.6373 -0.435697 -0.0557435 0.00281166 742 775 810 844 757 840 -0.205976 -0.208204 0.260974 -0.802489 0.780207 -0.445322 -0.259031 1000 920 885 944 733 1000 
0.00442705 0.0157698 0.154193 -0.293071 0.0421781 -0.155144 0.396156 0.0376224 -0.630041 -0.431479 -0.0538451 0.010443 747 780 812 844 757 849 -0.194279 -0.206836 0.256046 -0.78801 0.776265 -0.442607 -0.256665 1000 922 888 943 732 1000 
0.00149804 0.0164844 0.153113 -0.287585 0.0379484 -0.148706 0.383297 0.0357456 -0.621499 -0.426872 -0.0522893 0.0180963 755 790 821 843 756 864 -0.182863 -0.204883 0.251058 -0.772491 0.772549 -0.439751 -0.253619 1000 930 895 940 731 1000 
-0.00144408 0.0170641 0.152081 -0.282794 0.0340141 -0.142507 0.37012 0.0339747 -0.611716 -0.421738 -0.0508748 0.0255444 759 794 824 843 757 870 -0.171908 -0.202341 0.245808 -0.756144 0.768809 -0.43687 -0.250014 1000 934 898 938 731 1000 
-0.00431357 0.0175651 0.15094 -0.278521 0.0303027 -0.136537 0.356623 0.032456 -0.600898 -0.415862 -0.0495279 0.0326837 767 801 830 841 757 885 -0.161584 -0.199253 0.240094 -0.739127 0.764739 -0.434025 -0.246105 1000 937 899 934 731 1000 
-0.00689938 0.0179512 0.149666 -0.274667 0.0269816 -0.131128 0.343479 0.031204 -0.589652 -0.409305 -0.0484673 0.0396364 767 801 830 841 757 885 -0.152431 -0.195837 0.234131 -0.722081 0.760427 -0.43158 -0.242173 1000 937 899 934 731 1000 
-0.00931515 0.0183776 0.148237 -0.27079 0.0237592 -0.126251 0.330894 0.0302608 -0.578287 -0.402054 -0.0477889 0.046527 771 804 832 836 757 905 -0.144395 -0.19224 0.228026 -0.705218 0.755985 -0.429532 -0.238353 1000 938 899 933 731 1000 
-0.0118069 0.0189298 0.14644 -0.266261 0.0202332 -0.12144 0.317812 0.0300326 -0.566242 -0.393395 -0.0472194 0.0536791 772 805 832 835 758 913 -0.136624 -0.188127 0.221382 -0.687502 0.751105 -0.427165 -0.234449 1000 938 900 932 731 1000 
-0.0142451 0.0195296 0.144426 -0.261609 0.0166078 -0.116721 0.304433 0.0303925 -0.553595 -0.383075 -0.046987 0.0613023 774 808 836 836 759 934 -0.129353 -0.183549 0.214202 -0.668881 0.745837 -0.424417 -0.230397 1000 942 904 933 730 1000 
-0.0166162 0.0202441 0.142178 -0.256922 0.0128887 -0.112003 0.290973 0.0309658 -0.540439 -0.371132 -0.0473187 0.0691236 776 811 839 838 761 945 -0.122758 -0.178657 0.206496 -0.649449 0.74025 -0.421261 -0.226239 1000 944 907 933 730 1000 
-0.0189227 0.021087 0.1396 -0.251749 0.00914332 -0.107249 0.277499 0.0312641 -0.526673 -0.357882 -0.048352 0.0764834 787 821 850 843 764 971 -0.116868 -0.173579 0.198187 -0.62929 0.734375 -0.417576 -0.222214 1000 945 909 931 729 1000 
-0.0212109 0.0220756 0.136782 -0.246144 0.00532859 -0.102544 0.26394 0.0309263 -0.51201 -0.343849 -0.0499966 0.08267 792 825 853 844 766 982 -0.111491 -0.168344 0.189101 -0.608398 0.72814 -0.413086 -0.218673 1000 945 910 929 730 1000 
-0.0234475 0.0231038 0.13394 -0.240595 0.00149215 -0.0982714 0.250702 0.0297623 -0.496377 -0.329803 -0.0521136 0.0874066 797 829 855 841 768 995 -0.106609 -0.162883 0.17937 -0.587068 0.721502 -0.407877 -0.21585 1000 944 910 926 730 1000 
-0.0256805 0.024074 0.131085 -0.23486 -0.00232681 -0.0945493 0.237894 0.0278775 -0.479656 -0.316349 -0.0544017 0.0908372 798 829 854 839 768 997 -0.101959 -0.157021 0.169126 -0.56535 0.714244 -0.401993 -0.213672 1000 944 911 926 730 1000 
-0.0278606 0.0248621 0.12832 -0.229393 -0.00589281 -0.0914053 0.225792 0.0255906 -0.462243 -0.304057 -0.0565368 0.09336 797 829 852 837 768 998 -0.0973854 -0.150791 0.158705 -0.543718 0.706265 -0.395679 -0.211902 1000 944 912 925 731 1000 
-0.0301232 0.0254605 0.125236 -0.223706 -0.00926728 -0.0883829 0.213822 0.0233571 -0.443731 -0.293078 -0.0576062 0.0952063 793 828 851 837 770 999 -0.0920223 -0.143843 0.147679 -0.521558 0.696775 -0.388315 -0.210066 1000 945 914 926 732 1000 
-0.0321986 0.0257079 0.122119 -0.218349 -0.0120623 -0.0859206 0.202007 0.0213137 -0.424009 -0.283029 -0.0580817 0.0968735 792 831 852 839 772 1000 -0.0867864 -0.136314 0.136167 -0.498875 0.685421 -0.380431 -0.207962 1000 945 915 929 732 1000 
-0.034073 0.0257409 0.119141 -0.213498 -0.0145121 -0.0841389 0.190072 0.0195162 -0.402689 -0.273477 -0.058436 0.0987464 793 832 853 840 773 1000 -0.0820721 -0.12843 0.124116 -0.475309 0.671617 -0.3723 -0.205365 1000 944 915 929 733 1000 
-0.0357334 0.0257406 0.116519 -0.209344 -0.0168836 -0.0828338 0.178038 0.0180185 -0.380606 -0.264378 -0.0590811 0.101015 795 833 852 841 775 1000 -0.0779675 -0.120802 0.112035 -0.451582 0.655779 -0.364412 -0.202222 1000 943 914 929 733 1000 
-0.0371806 0.0257785 0.113987 -0.205758 -0.0192876 -0.0817358 0.165779 0.0169141 -0.358193 -0.255573 -0.0601755 0.103834 795 833 852 841 776 1000 -0.0743452 -0.113602 0.100233 -0.427977 0.638341 -0.35696 -0.198453 993 943 914 928 733 1000 
-0.0384088 0.0257809 0.111355 -0.20252 -0.0214864 -0.0807767 0.153668 0.0162093 -0.33596 -0.24691 -0.0619149 0.107274 793 833 852 842 777 1000 -0.0713446 -0.106976 0.0891774 -0.405002 0.620024 -0.350299 -0.194076 980 944 916 927 733 1000 
-0.0394631 0.025665 0.108537 -0.199361 -0.0232496 -0.0797772 0.141833 0.015847 -0.314198 -0.238278 -0.0642725 0.111261 791 833 852 842 777 1000 -0.0688589 -0.100947 0.0790898 -0.382884 0.601437 -0.344512 -0.18922 976 945 917 927 734 1000 
-0.0403226 0.0254382 0.105919 -0.196572 -0.0245554 -0.0790154 0.131014 0.0155231 -0.293667 -0.229924 -0.0674311 0.115657 789 833 852 842 778 1000 -0.0671511 -0.0957696 0.0703939 -0.362459 0.583409 -0.339964 -0.184216 974 945 918 927 733 1000 
-0.0410842 0.0251694 0.10322 -0.193939 -0.0255725 -0.0780142 0.120641 0.0151965 -0.274187 -0.221845 -0.0710018 0.120303 787 833 852 843 779 1000 -0.065661 -0.0912463 0.0628377 -0.343309 0.566141 -0.336119 -0.179259 976 945 918 926 733 1000 
-0.0417011 0.0248081 0.100399 -0.191201 -0.0262983 -0.0764822 0.110321 0.0147169 -0.255705 -0.214206 -0.074772 0.125178 785 833 851 843 780 1000 -0.0641716 -0.0871992 0.0561847 -0.325074 0.549812 -0.332471 -0.174625 983 942 915 923 733 1000 
-0.0421424 0.0243972 0.0976096 -0.188443 -0.0268523 -0.0744372 0.100214 0.013839 -0.23851 -0.207387 -0.0787837 0.130155 785 833 851 843 780 1000 -0.062702 -0.0836182 0.0503871 -0.307864 0.534694 -0.328831 -0.170642 985 940 912 922 733 1000 
-0.0423954 0.023958 0.0949828 -0.185911 -0.0273394 -0.0718667 0.0903944 0.0123861 -0.222824 -0.20178 -0.0831496 0.135031 785 834 851 843 782 1000 -0.0612177 -0.0804015 0.0453179 -0.291669 0.520867 -0.325012 -0.167501 985 935 907 919 733 1000 
-0.0424945 0.0235061 0.0926167 -0.183394 -0.0278341 -0.0690574 0.0812193 0.0105014 -0.208779 -0.197435 -0.0879257 0.139703 785 834 851 843 782 1000 -0.0597801 -0.0774838 0.0407713 -0.276467 0.508128 -0.320876 -0.165071 983 935 906 918 716 1000 
-0.0424288 0.0230156 0.0904706 -0.180889 -0.0282502 -0.0660001 0.0724794 0.00819715 -0.196145 -0.194464 -0.0930251 0.143753 786 834 850 842 784 1000 -0.058309 -0.0746987 0.0364971 -0.262066 0.49606 -0.316312 -0.162982 983 936 909 919 733 1000 
-0.0421125 0.0223117 0.08832 -0.178366 -0.0283162 -0.0622491 0.0635965 0.00558222 -0.184509 -0.192834 -0.098529 0.147001 786 834 850 842 785 1000 -0.0565361 -0.0718627 0.0323991 -0.24806 0.48449 -0.311478 -0.160896 983 938 911 919 733 1000 
-0.0416666 0.0215922 0.0862555 -0.175719 -0.0282525 -0.0582265 0.055279 0.00291386 -0.173766 -0.19234 -0.104248 0.149486 786 833 849 843 786 1000 -0.0547201 -0.0691498 0.0284763 -0.234605 0.473248 -0.306584 -0.158575 986 939 912 919 732 1000 
-0.0411184 0.0209647 0.084442 -0.173321 -0.0282254 -0.0540426 0.0477052 0.000179693 -0.163819 -0.193006 -0.109948 0.151215 787 834 849 844 788 1000 -0.0529096 -0.0666245 0.0247381 -0.221748 0.462233 -0.301662 -0.155928 989 939 912 919 732 1000 
-0.0404867 0.0204175 0.0826769 -0.171457 -0.0283404 -0.0496777 0.0409593 -0.00267208 -0.154596 -0.19496 -0.115436 0.152289 789 835 850 846 790 1000 -0.0511686 -0.0643098 0.0213285 -0.209542 0.451547 -0.296749 -0.152928 991 939 912 918 732 1000 
-0.0398126 0.0199001 0.0808725 -0.169852 -0.0286817 -0.0452854 0.0350232 -0.00561189 -0.146018 -0.198226 -0.120555 0.152816 790 836 850 847 791 1000 -0.0495475 -0.0622563 0.0183935 -0.198131 0.441404 -0.291988 -0.149676 990 939 912 918 732 1000 
-0.0390972 0.0193683 0.078954 -0.168416 -0.0292309 -0.0409861 0.0297611 -0.00853483 -0.137939 -0.202738 -0.125132 0.152728 793 838 851 848 792 1000 -0.0480091 -0.0604811 0.0159493 -0.187511 0.431916 -0.287428 -0.146269 989 941 914 918 732 1000 
-0.0383124 0.0188414 0.0768722 -0.166832 -0.0299327 -0.036827 0.024973 -0.0111569 -0.130253 -0.208112 -0.129065 0.151947 796 838 850 847 793 1000 -0.0464919 -0.0589666 0.0138869 -0.177599 0.423043 -0.283037 -0.142798 989 942 916 918 732 1000 
-0.0374649 0.0183559 0.0746702 -0.164964 -0.0307289 -0.0328237 0.0205673 -0.0130108 -0.122925 -0.213604 -0.132322 0.150572 800 838 848 845 794 1000 -0.0450139 -0.057673 0.0120563 -0.168348 0.414644 -0.278804 -0.139354 988 944 917 919 732 1000 
-0.0365703 0.0179556 0.0726627 -0.163321 -0.0317378 -0.0290563 0.0166003 -0.0138203 -0.115972 -0.218511 -0.134949 0.148879 801 838 847 845 795 1000 -0.0435937 -0.0565876 0.0103341 -0.1598 0.40655 -0.274772 -0.13606 989 944 918 919 732 1000 
-0.0356574 0.0176377 0.0708967 -0.162103 -0.0329916 -0.0256128 0.0131405 -0.0135848 -0.109371 -0.222364 -0.136962 0.1471 801 838 847 846 796 1000 -0.0422237 -0.055703 0.0087082 -0.152002 0.398671 -0.270997 -0.13299 990 945 918 918 732 1000 
-0.0348168 0.0173885 0.0694121 -0.161168 -0.0342555 -0.0226942 0.0102472 -0.012695 -0.103305 -0.225258 -0.138555 0.145382 802 839 848 847 796 1000 -0.0410449 -0.0549975 0.00732847 -0.145148 0.391146 -0.26767 -0.130173 991 945 918 918 733 1000 
-0.0339108 0.0173405 0.0681016 -0.16029 -0.036085 -0.0200496 0.00785799 -0.0111714 -0.0973346 -0.226924 -0.139393 0.143695 803 841 850 850 797 1000 -0.0397063 -0.0543776 0.00598116 -0.13886 0.383697 -0.264538 -0.127544 991 946 919 920 733 1000 
-0.0330482 0.0173806 0.0668926 -0.159326 -0.0380407 -0.0178741 0.00595339 -0.00935967 -0.0915989 -0.227567 -0.139655 0.142032 803 841 850 850 797 1000 -0.0384045 -0.0538038 0.00474823 -0.133164 0.376365 -0.261684 -0.125012 991 946 919 920 733 1000 
-0.032118 0.0176382 0.065406 -0.158151 -0.0405241 -0.0160899 0.00466465 -0.00752666 -0.0859302 -0.227435 -0.13925 0.140301 801 841 849 851 798 1000 -0.0371101 -0.0532505 0.00354337 -0.127697 0.369028 -0.258862 -0.122396 988 946 920 920 733 1000 
-0.03113 0.0180675 0.0638057 -0.156999 -0.0432671 -0.0147745 0.00403654 -0.00593648 -0.0803653 -0.226889 -0.138296 0.138404 801 841 849 850 797 1000 -0.0359895 -0.0527985 0.00229675 -0.122328 0.361568 -0.255976 -0.119639 989 946 919 919 733 1000 
-0.0300293 0.0187306 0.0620942 -0.155951 -0.0462049 -0.0139635 0.0041022 -0.00482859 -0.0750893 -0.226372 -0.137051 0.136347 802 843 849 849 797 1000 -0.0351959 -0.0525949 0.00110047 -0.117161 0.354059 -0.253109 -0.116838 992 943 917 918 733 1000 
-0.0288429 0.0195369 0.0604649 -0.154662 -0.0490921 -0.0135393 0.0047595 -0.00425261 -0.070237 -0.226167 -0.135685 0.134208 802 843 850 849 797 1000 -0.0347002 -0.0526639 6.83097e-05 -0.112334 0.346657 -0.250345 -0.11408 994 942 917 917 733 1000 
-0.0275876 0.0204033 0.0588447 -0.153289 -0.0517121 -0.0133046 0.00586322 -0.0040685 -0.0658922 -0.226331 -0.134268 0.132111 804 845 851 849 797 1000 -0.0343667 -0.0529503 -0.000687867 -0.107957 0.339548 -0.247717 -0.111418 998 941 916 917 733 1000 
-0.0262619 0.021282 0.0572089 -0.152048 -0.0538926 -0.0131344 0.00725599 -0.00405316 -0.0620737 -0.226725 -0.132828 0.130176 804 845 851 849 797 1000 -0.0341069 -0.0533715 -0.00114836 -0.104085 0.332849 -0.24525 -0.108905 999 941 916 916 734 1000 
-0.0248117 0.0221348 0.0555121 -0.151068 -0.0554044 -0.0129884 0.00883941 -0.00395407 -0.058727 -0.227076 -0.131371 0.128476 804 845 851 850 797 1000 -0.0339077 -0.0538893 -0.00140077 -0.100669 0.326549 -0.242923 -0.106611 997 941 916 915 734 1000 
-0.0232997 0.0229163 0.0539583 -0.150387 -0.0561417 -0.0129156 0.0105003 -0.00364407 -0.0557876 -0.227159 -0.129928 0.126959 803 845 851 850 797 1000 -0.033793 -0.0544654 -0.00161328 -0.0976376 0.320488 -0.240717 -0.104625 996 940 916 914 734 1000 
-0.0217565 0.0235958 0.0523707 -0.149956 -0.0560195 -0.0129014 0.0121523 -0.00307393 -0.0531405 -0.226797 -0.128497 0.125552 804 846 851 851 797 1000 -0.0337649 -0.0550604 -0.00189437 -0.0949065 0.314509 -0.238614 -0.103059 996 939 915 913 734 1000 
-0.0201953 0.0241186 0.0507675 -0.149617 -0.0549965 -0.0128675 0.0137104 -0.00227141 -0.0506766 -0.225909 -0.127041 0.124196 806 847 851 851 797 1000 -0.033738 -0.0556473 -0.0022824 -0.0924323 0.308517 -0.236614 -0.10204 996 938 914 912 734 1000 
-0.0185715 0.0244796 0.0491878 -0.14932 -0.0530459 -0.0127372 0.0151411 -0.0013701 -0.0482679 -0.224567 -0.125436 0.122888 809 848 852 851 796 1000 -0.0335427 -0.0561739 -0.00281988 -0.0901998 0.302385 -0.234711 -0.101705 996 937 912 911 734 1000 
-0.0169572 0.0247391 0.0475605 -0.149143 -0.050652 -0.0125656 0.0164353 -0.000443441 -0.0458846 -0.222839 -0.123622 0.121708 809 849 852 851 796 1000 -0.0331597 -0.0565309 -0.00340135 -0.0881843 0.29617 -0.232896 -0.101934 997 937 912 912 734 1000 
-0.015387 0.0249683 0.0461028 -0.149101 -0.0482899 -0.0124624 0.0176097 0.000385651 -0.0435069 -0.22088 -0.121585 0.120736 809 850 852 851 796 1000 -0.0326123 -0.0566701 -0.00404363 -0.0862913 0.289796 -0.231112 -0.102475 999 937 912 912 734 1000 
-0.0139511 0.0251753 0.0449033 -0.149156 -0.0462608 -0.012501 0.0186565 0.00102088 -0.0412308 -0.218869 -0.119469 0.119969 809 850 852 851 796 1000 -0.0320429 -0.0566492 -0.00465151 -0.0845184 0.283336 -0.229387 -0.103075 999 937 912 912 734 1000 
-0.0126066 0.0254116 0.0438217 -0.149277 -0.0446736 -0.0126218 0.0195895 0.00145134 -0.0391295 -0.216901 -0.117428 0.119333 809 850 852 852 796 1000 -0.031529 -0.0565329 -0.00516916 -0.0828098 0.276865 -0.227706 -0.103534 999 937 911 912 734 1000 
-0.011205 0.0257056 0.0425921 -0.14933 -0.0435174 -0.0127192 0.0204241 0.00174019 -0.0371536 -0.214974 -0.115539 0.118686 809 849 851 852 796 1000 -0.0310058 -0.0563663 -0.00570978 -0.0809677 0.270255 -0.225917 -0.103683 998 937 911 912 734 1000 
-0.00976957 0.0259881 0.0412652 -0.149226 -0.0427582 -0.0127212 0.0210421 0.00194765 -0.0353532 -0.213058 -0.113969 0.1178 809 847 849 850 797 1000 -0.0304903 -0.0562425 -0.00621839 -0.0790096 0.263557 -0.224022 -0.103477 996 936 910 911 734 1000 
-0.00832195 0.0262422 0.0399801 -0.149404 -0.0424125 -0.0126101 0.0214224 0.00203581 -0.0337239 -0.211232 -0.112781 0.116491 809 847 849 850 797 1000 -0.029954 -0.0562012 -0.00666523 -0.0770257 0.256833 -0.222056 -0.103011 995 936 909 911 734 1000 
-0.00689004 0.0264674 0.0388685 -0.149768 -0.0424692 -0.0124158 0.0216365 0.00199218 -0.0321905 -0.209566 -0.111917 0.114653 809 848 848 850 797 1000 -0.0293632 -0.0562507 -0.00700307 -0.0751574 0.25017 -0.220136 -0.102446 994 934 908 910 734 1000 
-0.00549456 0.0267134 0.0379049 -0.150364 -0.0429719 -0.012208 0.0218116 0.00186442 -0.0307065 -0.208055 -0.111247 0.112353 809 848 847 850 797 1000 -0.0287412 -0.0563572 -0.00718151 -0.0735097 0.24369 -0.218419 -0.101917 994 934 908 910 734 1000 
-0.00417316 0.0270267 0.0370187 -0.150965 -0.0438973 -0.012081 0.022058 0.00169719 -0.0293319 -0.206677 -0.110682 0.10989 811 848 847 850 797 1000 -0.0281409 -0.0564874 -0.00719113 -0.0721095 0.23747 -0.217003 -0.101472 992 933 906 909 734 1000 
-0.00291974 0.0274241 0.036054 -0.151171 -0.045238 -0.0120799 0.0224054 0.0015005 -0.028133 -0.205436 -0.110203 0.107538 811 850 847 850 797 1000 -0.0275757 -0.0566223 -0.00703563 -0.070887 0.231573 -0.215886 -0.10107 992 933 906 909 735 1000 
-0.00173016 0.0278643 0.0350546 -0.150792 -0.0469098 -0.0122026 0.0228271 0.00123218 -0.0271558 -0.204401 -0.109873 0.105459 812 849 848 851 797 1000 -0.0270049 -0.0567435 -0.00674088 -0.069752 0.226029 -0.215013 -0.100657 992 933 906 909 735 1000 
-0.000589602 0.0283265 0.034134 -0.15007 -0.048769 -0.012382 0.0232631 0.000817522 -0.0263748 -0.203706 -0.109747 0.103728 811 848 847 851 797 1000 -0.0263433 -0.0568687 -0.00639165 -0.0686173 0.220783 -0.214253 -0.100256 992 933 906 909 735 1000 
0.000477181 0.0287864 0.0332828 -0.149296 -0.0505156 -0.0124387 0.0236152 0.000391489 -0.0257908 -0.203234 -0.109829 0.102331 806 846 846 851 798 1000 -0.02561 -0.0569619 -0.00600169 -0.0674276 0.215835 -0.213478 -0.0998436 992 933 906 909 735 1000 
0.0014663 0.0292176 0.0325597 -0.148751 -0.0518309 -0.0123183 0.0238481 -3.92076e-06 -0.0254676 -0.202922 -0.11014 0.10114 805 846 845 851 798 1000 -0.0248416 -0.0569755 -0.00563039 -0.0661097 0.211121 -0.212575 -0.0993796 992 933 907 909 735 1000 
0.00237971 0.0295502 0.0318617 -0.148551 -0.05241 -0.012052 0.0240108 -0.000327803 -0.025412 -0.202694 -0.110623 0.0999948 804 845 844 851 798 1000 -0.024087 -0.0568825 -0.0052599 -0.0645793 0.20666 -0.211463 -0.0987923 991 933 907 909 734 1000 
0.00322233 0.0297162 0.0312751 -0.148574 -0.0520886 -0.0117085 0.0240994 -0.000583932 -0.0255557 -0.202511 -0.111172 0.0987538 804 845 844 851 798 1000 -0.0233188 -0.056697 -0.00490348 -0.0627958 0.202436 -0.210112 -0.0980264 991 933 907 909 734 1000 
0.00399526 0.0297254 0.0307278 -0.148672 -0.0510521 -0.0113932 0.0240865 -0.000806235 -0.0258304 -0.20239 -0.111674 0.097439 805 844 844 851 797 1000 -0.0225394 -0.0564588 -0.00452509 -0.0608892 0.198493 -0.208637 -0.0970876 991 933 907 909 734 1000 
0.00469852 0.0296098 0.0303153 -0.14896 -0.0495068 -0.0111722 0.0240066 -0.00101742 -0.0261892 -0.202349 -0.112062 0.0962316 806 844 844 853 798 1000 -0.0216915 -0.0561705 -0.00414417 -0.0590187 0.194816 -0.207172 -0.0960678 991 933 907 909 734 1000 
0.00529646 0.0294483 0.0300708 -0.149333 -0.0479663 -0.0110146 0.0239148 -0.00121497 -0.0265624 -0.202383 -0.112295 0.0952526 806 846 845 854 798 1000 -0.0208742 -0.0558913 -0.00377401 -0.0573623 0.19138 -0.205871 -0.0950718 990 933 907 909 735 1000 
0.00582697 0.0292129 0.0299793 -0.149966 -0.046145 -0.0109561 0.0238185 -0.00145937 -0.0269359 -0.202568 -0.112408 0.0945327 807 846 846 856 798 1000 -0.0199612 -0.0555893 -0.00348315 -0.0558795 0.188083 -0.204728 -0.0941339 989 933 907 910 735 1000 
0.00630832 0.0289325 0.0297828 -0.150964 -0.0440875 -0.0109704 0.0237504 -0.00172975 -0.027372 -0.202898 -0.112515 0.0940885 807 845 845 858 798 1000 -0.0189216 -0.0552557 -0.00333185 -0.0545679 0.184793 -0.203696 -0.0932287 988 933 908 910 735 1000 
0.00674171 0.0286256 0.0293779 -0.152053 -0.041881 -0.0109539 0.0237157 -0.00202313 -0.027927 -0.203369 -0.112697 0.0938567 807 845 844 859 798 1000 -0.0178317 -0.054897 -0.00330865 -0.0534337 0.181457 -0.20273 -0.0923188 987 934 908 910 735 1000 
0.00715653 0.0282931 0.0287515 -0.153308 -0.0396228 -0.0108438 0.0236907 -0.0023741 -0.0286382 -0.204039 -0.112958 0.0936949 806 845 843 860 798 1000 -0.0167195 -0.0545147 -0.00338559 -0.0524495 0.178037 -0.201785 -0.0913393 984 933 907 910 735 1000 
0.00755589 0.0279317 0.0279258 -0.154603 -0.0374615 -0.0106544 0.02366 -0.00281983 -0.0294473 -0.204971 -0.113234 0.0933945 806 846 843 860 798 1000 -0.0156041 -0.0541164 -0.00353738 -0.0516028 0.174519 -0.200824 -0.0902566 982 932 907 910 735 1000 
0.00793224 0.0275637 0.0269265 -0.155587 -0.0355962 -0.010386 0.0236291 -0.00337447 -0.0302385 -0.206231 -0.113462 0.0927753 806 846 843 861 799 1000 -0.0145355 -0.0537134 -0.00369894 -0.0509449 0.170947 -0.199862 -0.0891287 979 931 906 909 734 1000 
0.00829468 0.0272176 0.025799 -0.156261 -0.0341646 -0.0100806 0.0236481 -0.00401214 -0.0309374 -0.207824 -0.113589 0.0917982 806 846 842 862 799 1000 -0.0135372 -0.0533085 -0.00383138 -0.0504995 0.167371 -0.198959 -0.0880644 978 931 907 909 735 1000 
0.00864465 0.0269275 0.0246545 -0.156678 -0.0332343 -0.00980379 0.0237378 -0.00472777 -0.0315263 -0.20979 -0.113596 0.0905174 806 846 842 862 799 1000 -0.0126107 -0.0528975 -0.00393619 -0.0502385 0.163799 -0.19815 -0.0871367 978 931 907 910 735 1000 
0.00897877 0.026669 0.0233671 -0.156709 -0.0327495 -0.00958435 0.0238998 -0.00545917 -0.0320153 -0.212082 -0.113488 0.0891223 807 846 842 863 799 1000 -0.0117674 -0.0524732 -0.00406576 -0.0501137 0.160173 -0.197413 -0.08635 978 932 907 910 734 1000 
0.00927731 0.0263868 0.0219513 -0.156396 -0.0325517 -0.00941795 0.0241208 -0.00613673 -0.0324079 -0.214627 -0.113272 0.0878789 807 846 842 863 799 1000 -0.0109948 -0.0520419 -0.00419538 -0.0500694 0.156504 -0.196675 -0.085656 976 933 907 910 734 1000 
0.00952286 0.0260775 0.0205023 -0.156031 -0.0324933 -0.00925949 0.0243848 -0.00670277 -0.0327261 -0.217324 -0.112989 0.0869627 807 847 842 864 798 1000 -0.0102865 -0.0515916 -0.00429416 -0.050079 0.152835 -0.195869 -0.0850229 975 932 907 910 734 1000 
0.0097308 0.0257417 0.0191704 -0.155647 -0.0325091 -0.0090643 0.0246354 -0.0070984 -0.0329628 -0.220048 -0.112674 0.0864382 807 846 842 865 799 1000 -0.009658 -0.0511458 -0.00435326 -0.0501283 0.149188 -0.19495 -0.0844602 974 931 906 910 734 1000 
0.00989515 0.0253649 0.018065 -0.155279 -0.0325883 -0.00882405 0.0248155 -0.00725894 -0.0330509 -0.222635 -0.112298 0.0862504 807 845 842 865 799 1000 -0.00912543 -0.050726 -0.00436786 -0.0502283 0.145589 -0.19395 -0.0840126 973 930 906 910 734 1000 
0.00999076 0.0249407 0.0170066 -0.155005 -0.0326746 -0.00870149 0.0248952 -0.00717678 -0.0331945 -0.224959 -0.111917 0.0862336 807 844 840 862 798 1000 -0.00869909 -0.0503068 -0.00426354 -0.0503919 0.142155 -0.192945 -0.0836624 973 930 906 910 734 1000 
0.0100133 0.0244947 0.0160085 -0.15477 -0.0327182 -0.00872915 0.0249053 -0.00694611 -0.0336719 -0.227032 -0.111623 0.0862499 806 843 839 859 797 1000 -0.00835127 -0.0498651 -0.00400771 -0.0505875 0.138984 -0.19198 -0.0833216 973 930 905 910 734 1000 
0.00997341 0.0240491 0.0151093 -0.154582 -0.0326998 -0.00873987 0.0248861 -0.00665071 -0.0344662 -0.228895 -0.111315 0.0861723 806 843 839 859 796 1000 -0.00804 -0.0494185 -0.00363843 -0.0507736 0.136091 -0.191053 -0.0829 975 931 905 910 734 1000 
0.00990883 0.0236413 0.0142592 -0.154441 -0.0326568 -0.0086535 0.024869 -0.00631945 -0.0353753 -0.230558 -0.110873 0.0859967 807 843 839 859 796 1000 -0.00776327 -0.0490206 -0.00318156 -0.0509624 0.133491 -0.190182 -0.0824047 976 932 905 910 734 1000 
0.00977847 0.0232089 0.0132911 -0.154415 -0.0325907 -0.00845493 0.0248639 -0.00597233 -0.0362328 -0.232033 -0.11022 0.0856999 807 843 839 859 796 1000 -0.00749013 -0.0486068 -0.00265761 -0.0511087 0.131194 -0.189265 -0.0817959 980 934 907 911 734 1000 
0.00959474 0.0227604 0.0124195 -0.154394 -0.0325016 -0.00822357 0.0249016 -0.005666 -0.0369755 -0.233392 -0.109405 0.0853133 807 843 840 859 796 1000 -0.00719803 -0.0481802 -0.00214198 -0.051157 0.129131 -0.188182 -0.0811621 981 934 907 911 734 1000 
0.00934454 0.0222997 0.0117477 -0.15479 -0.0324069 -0.00799388 0.0250105 -0.00541494 -0.0375977 -0.23468 -0.108499 0.0848902 807 844 840 859 796 1000 -0.00691349 -0.0477452 -0.00168016 -0.0510732 0.12724 -0.186927 -0.0806054 981 934 907 911 734 1000 
0.00903852 0.0218279 0.011254 -0.155401 -0.0322819 -0.00772984 0.0251546 -0.00516227 -0.0381279 -0.235848 -0.107576 0.084487 807 843 841 860 797 1000 -0.00667598 -0.0473036 -0.00129054 -0.0509048 0.125477 -0.18566 -0.0801713 980 934 907 911 734 1000 
0.00865061 0.0213435 0.010891 -0.156054 -0.0321154 -0.00738686 0.0253156 -0.00481683 -0.038637 -0.236774 -0.10669 0.0842078 807 843 842 861 798 1000 -0.00649226 -0.0468243 -0.000978883 -0.0507121 0.123801 -0.184506 -0.0798108 980 934 907 912 734 1000 
0.00820156 0.0208744 0.0107023 -0.156568 -0.0319068 -0.00699692 0.0254485 -0.00432902 -0.0392277 -0.237346 -0.105907 0.0840883 807 842 842 861 798 1000 -0.00633127 -0.0462928 -0.000756054 -0.0505158 0.122156 -0.183487 -0.0794462 980 935 907 912 734 1000 
0.00770314 0.0204217 0.0105243 -0.157137 -0.0316749 -0.00658613 0.0255419 -0.00367379 -0.0399292 -0.237459 -0.105251 0.084133 807 842 843 861 798 1000 -0.00613537 -0.0457335 -0.000604532 -0.0502979 0.12052 -0.182543 -0.0789843 980 934 907 912 734 1000 
0.00715438 0.0199957 0.0103191 -0.157648 -0.0314712 -0.00620597 0.0256325 -0.00292224 -0.0407133 -0.237137 -0.104716 0.0843203 807 842 843 862 798 1000 -0.00587518 -0.0451752 -0.000487786 -0.0500516 0.118906 -0.181596 -0.0783474 980 934 908 913 733 1000 